-0.003303802
-0.022129778
0.006714408
-0.039474737
-0.0005264545
0.033607643
-0.004631731
-0.035145618
-0.053800706
-0.020762688
0.025077567
0.011620269
-0.018085469
-0.013030081
0.02137503
0.0021859207
0.03221207
-0.017572809
0.005803014
-0.010894002
0.009783241
0.011449383
0.009519791
-0.0038520624
-0.0033358433
-0.016889265
0.03135764
-0.031215234
0.0055573652
-0.029121876
0.0039268252
0.007875011
-0.008957291
-0.017686734
-0.048588675
-0.022727879
0.0027252806
-0.03221207
0.007412194
-0.010516629
0.018484203
-0.008985772
0.004432364
-0.017088631
-0.018854456
0.04055702
-0.0045925695
-0.013314892
-0.020477876
0.022414587
0.021560157
0.014496855
-0.011335459
-0.013250809
0.010858401
-0.012332296
0.024223134
0.0032949017
0.0018975501
-0.006539962
0.022670917
-0.020791167
-0.03172789
-0.0040371893
-0.01898262
0.0056997705
-0.0092563415
0.0041653537
-0.008551436
-0.010865522
0.018099708
0.005115909
0.006685927
0.005546685
0.007917733
-0.014482615
0.00073650223
-0.0032913415
0.0011134312
0.008238144
0.013087044
-0.013870273
-0.036427267
-0.00017222136
-0.00077566365
0.0038520624
0.007775327
0.025632948
-0.018840216
-0.018256355
-0.0014338429
0.009690678
0.017800657
0.03511714
-0.019552242
0.026302252
-0.0019527321
0.020349711
-0.015080717
-0.037025366
-0.0086653605
0.015906667
-0.0032201388
-0.01600635
-0.027256368
-0.002549054
0.015821224
0.02165984
0.016020592
-0.015750023
0.016661415
0.02465035
-0.00729827
-0.038819674
0.016718378
-0.04004436
-0.010253179
-0.009441469
-0.009662197
-0.012375017
0.0005464802
0.006450958
0.0043504806
-0.027256368
0.011883719
0.014005558
-0.014539577
-0.017003188
-0.008045897
-0.015465211
-0.0073837126
-0.0032201388
0.015280085
0.008458872
-0.0071345037
0.04488614
-0.0162342
0.0103030205
-0.028238963
-0.030075992
0.024436742
0.029620294
-0.018056987
-0.014048279
-0.0060237427
0.0065079206
0.009291943
0.018640848
-0.007924853
0.023183577
-0.00026344974
-0.0008437512
-0.016689897
-0.013991317
0.012367897
0.020506358
-0.018227873
0.021631358
-0.004008708
-0.009569634
-0.00075296784
0.009363146
0.017430404
-0.01002533
0.024166172
0.030958904
-0.005767413
-0.0011890839
0.010174856
-0.019651925
-0.026344974
0.033750046
-0.020606041
0.006144787
-0.00039606463
0.03169941
0.0047207344
0.016818061
-0.02463611
-0.012289574
0.011591788
0.019096546
0.014681983
0.046651963
-0.011727073
0.006450958
-0.0077326056
-0.009284823
0.0075830803
-0.023852881
0.005653489
0.026558582
-0.0015459871
-0.015379768
-0.6484566
-0.025106048
-0.017957304
0.014368691
-0.025832314
0.011264256
0.0073267506
0.008273746
-0.001108091
0.052746907
-0.0050909882
0.009797482
-0.012738151
-0.013030081
-0.021731043
-0.0155364135
-0.013065683
-0.017273758
0.018726291
0.00068888546
-0.004542728
0.025561744
-0.01326505
-0.0062409104
0.02628801
0.014197804
0.036626633
-0.00949131
-0.0033963656
0.0025615147
-0.038335495
0.04255069
-0.006283632
0.0067179683
0.043718416
-0.0054114
-0.021517435
0.010395584
-0.006981418
0.026316492
-0.010780078
-0.046993736
0.03132916
0.003990907
0.0059169387
-0.0015513273
0.038876638
-0.025219971
0.007611561
-0.0053188363
0.0073053897
0.0041119517
0.004621051
-0.012424859
0.0147247035
-0.02953485
0.015607617
0.0003733688
0.0064829993
0.018954141
0.0044822055
0.017900342
0.0009256342
0.0051301494
-0.0022624636
-0.0028854867
-0.0069707376
0.015636098
0.02355383
-0.0232975
0.011591788
0.019267432
-0.028295925
-0.008451752
0.012887676
0.009939888
0.01597787
-0.01651901
0.01760129
0.019424077
0.0002899282
-0.0015806984
-0.012503182
0.0060273027
0.03300954
-0.008914569
-0.011997643
0.01137818
-0.0012878776
0.0078038084
-0.021844966
0.016946226
-0.009783241
-0.014582299
0.0073837126
0.012901916
-0.0173592
-0.024764275
0.016447807
-0.030332321
0.011221535
-0.00783941
0.021745283
0.0012407058
0.021104459
-0.0099470075
-0.008223903
-0.017572809
0.047534876
-0.037253216
-0.0052654343
-0.00078100385
-0.0162342
0.00068844046
0.0142547665
-0.029677257
0.02353959
0.0029442287
0.0040549897
-0.023055412
0.010751598
0.003955306
0.0066467654
-0.023126615
-0.0063726353
0.008259505
0.01626268
-0.001515726
-0.016177237
0.0008317357
0.00013773258
0.022329144
0.022856044
-0.009405867
0.015949389
0.015465211
0.016988948
-0.026672505
0.013229448
-0.027797507
-0.012645587
0.0075830803
0.006579123
0.00016988502
-0.021731043
-0.041297525
-0.0032023382
-0.015194641
-0.01866933
0.004581889
-0.014297488
0.01300872
-0.023397185
0.0077682068
-0.006984978
-0.013678025
-0.016148757
-0.02729909
-0.015094957
0.0004815078
0.008174062
0.049129814
-0.0139129935
-0.014966792
-0.013343373
-0.0014738945
0.0023354462
0.0029335483
-0.016661415
-0.01923895
-0.0024244497
-0.0039054642
0.0011312318
0.017174074
-0.017800657
0.016575972
-0.0130016
0.00076676335
-0.0039659864
0.010929604
0.0009692458
-0.0027697822
-0.0077112447
-0.009790362
0.011207294
-0.005119469
0.008266625
-0.005931179
-0.00015508823
0.026857631
0.01677534
0.030474726
-0.010224698
0.016590213
-0.0019402717
0.026074404
0.03147156
-0.0004111952
0.00086422195
0.048674118
0.022984209
-0.019295912
0.02247155
-0.016419327
0.011990523
-0.038278535
-0.006799851
-0.02764086
0.0341203
-0.019053824
0.008693841
-0.008708082
-0.031841815
-0.019908255
-0.01108625
0.017473126
0.0020096942
0.013571221
-0.021431992
-0.002922868
0.004268598
-0.0025757551
0.029648775
-0.010965205
-0.004211636
0.030360801
0.018284835
-0.009370266
0.0037559387
-0.021517435
0.0006118976
-0.016575972
0.019210469
0.011349699
0.0061981888
0.008359189
0.018356038
-0.011214415
0.027598139
-0.001165053
-0.015023755
0.0297627
0.017644012
-0.034576
-0.011079129
0.010602072
0.004115512
0.010381344
-0.029962067
0.015949389
0.011655871
0.02628801
-0.011869478
0.0047207344
0.01190508
-0.0019420517
0.0010110773
0.013699386
0.01597787
0.0021699
0.012075966
0.0023390064
0.0022428827
2.4865294E-05
0.022386108
0.002921088
-0.023924084
0.014639261
-0.013749228
0.011356819
-0.005838616
-0.022072816
-0.02054908
0.0004249907
0.032610804
-0.003873423
-0.01001109
0.0021520995
0.021033257
0.011492104
-0.03281017
-0.021446232
0.016148757
0.025276933
-0.00085665664
-0.014176443
-0.020121863
-0.011506345
-0.015479452
0.026843391
-0.017373443
0.008295107
0.012097327
-0.00975476
-0.011392421
-0.009982609
-0.002598896
-0.01677534
0.01028166
-0.0020363952
0.015906667
-0.005550245
0.00019002202
0.0057318117
0.015394009
-0.0073481114
-0.01002533
-0.007145184
0.023653515
-0.034661442
-0.0014552037
-0.0011677231
-0.015023755
0.010972326
-0.009590995
0.010545109
-0.004952143
0.004232996
0.018825976
-0.025547504
0.0038947838
-0.029876623
-0.017145593
-0.03278169
0.1164875
0.012040365
0.015037996
0.010723116
0.024522185
-0.00757596
-0.007953334
-0.036455747
0.0060878247
0.009975488
0.024821237
0.022699399
0.020677244
-0.00919226
0.010210457
-0.006116306
0.01434021
-0.01599211
-0.009989729
-0.027583899
-0.0017951963
0.012054605
-0.002949569
0.03628486
-0.0017542548
-0.034689922
0.03631334
0.021289587
-0.010053812
-0.0067571294
-0.030901942
0.009085456
0.023696234
0.014653501
-0.0142618865
-0.0008611068
0.0024155492
0.01352138
0.026743708
0.0041475534
0.028708901
0.025390858
0.015365528
-0.018256355
0.0010457886
-0.022556994
0.0015717981
0.032838654
-0.008409031
-0.023311742
0.036227897
-0.013200968
-0.008715202
-0.005030466
0.0023924084
0.0063833157
0.0068924148
-0.0027377412
-0.005080308
0.013977076
0.00034066007
-0.035886124
0.006208869
-0.022571234
0.005026906
-0.017644012
0.025903517
0.011214415
-0.008921689
0.011328339
0.0070241396
-0.007718365
-0.019110786
0.0064367177
0.03300954
0.0019598524
0.015564895
-0.00036135336
0.019466799
0.007718365
-0.004688693
-0.017829139
0.032098144
-0.00036090834
-0.00351919
0.00012794223
-0.020406675
0.0054576816
0.01624844
0.03679752
-0.009377386
0.002411989
-0.005489723
-0.014553818
0.00622667
-0.005934739
0.019609204
0.018000025
0.0142547665
-0.004681573
-0.006611164
-0.02056332
-0.0043113194
0.005824375
0.00297627
0.006390436
-0.023425665
0.033636123
-0.022144018
-0.030674092
-0.013507139
0.008487353
-0.0126242265
-0.00024698413
-0.0037452583
-0.0006399336
-0.0016100694
0.013649545
0.011670111
-0.0068674935
0.0015103858
-0.042863984
0.032582324
-0.00035957329
-0.03056017
0.009790362
-0.0011677231
-0.028082317
0.016219959
-0.003933945
0.0221725
0.012389258
0.009719159
-0.041326005
-0.038620308
0.009769001
-0.0043148794
0.000946995
0.0015103858
-0.010445426
0.002846325
0.008914569
-0.012325175
-0.005543125
-0.009185139
-0.024550667
-0.0026611984
-0.019950977
0.017458884
-0.016376605
-0.018313317
-0.011057768
0.016832301
0.016632935
-0.0106447935
-0.03850638
-0.02190193
-0.02084813
0.036484227
0.013927234
0.024664592
-0.019395597
0.014183564
0.014397172
-0.007113143
0.018854456
0.0030367922
0.011392421
-0.008601278
0.012937518
0.013300652
0.024493705
0.0134430565
-0.011719953
0.003916145
0.05089564
-0.003930385
0.0064794393
-0.007903492
-0.03956018
-0.0032023382
0.0045925695
0.0123963775
-0.0017658252
-0.03355068
-0.02567567
0.029064914
0.0004492441
-0.011791156
-0.017117113
0.02080541
-0.020178825
0.014810147
-0.0079746945
0.025319654
0.02601744
0.0122753335
-0.03169941
-0.0057318117
0.026729468
-0.0032041185
-0.007882131
-0.004300639
-0.019609204
-0.0065613226
-0.011534826
0.012681188
-0.0037381381
-0.0018975501
-0.004250797
-0.00042343314
0.0006096725
-0.037253216
-0.028822824
0.0061091855
0.0008584367
0.0036882963
0.014240526
-0.00949131
-0.016191479
0.019694647
-0.02165984
0.0455412
0.012075966
0.028295925
0.020150345
-0.0010199777
-0.02190193
0.021232624
0.0052974755
0.023696234
0.018085469
-0.013941475
-0.005493283
0.00033420735
-0.004656652
-0.010922483
-0.04141145
-0.026188327
0.0106447935
0.01272391
-0.0036882963
-0.017401922
-0.019424077
-0.021474713
-0.012787992
-0.009712039
-0.0037701793
-0.0011703932
-0.0154224895
-0.017757935
0.015265844
0.00514439
0.018740533
0.0221725
-0.016561732
-0.009697799
-0.033664603
-0.016433567
5.8130274E-05
-0.01137106
0.008195423
-0.0065613226
-0.0015655678
-0.022072816
-0.030503206
0.020064902
-0.017501606
-0.00043900873
0.021061737
-0.014005558
-0.0077326056
0.0039695464
-0.004119072
0.0083235875
0.008444632
-0.007095342
-0.009569634
-0.015906667
0.010659033
0.0008335158
0.015465211
-0.019922497
-0.013720747
-0.0072697885
-0.019068064
-0.010381344
-0.003353644
-0.009085456
-0.033750046
-0.02439402
-0.0025454941
-0.012410618
0.02003642
-0.00892881
-0.0051301494
-0.0014916951
0.050439943
-0.010979446
0.014162203
0.007013459
0.019281672
-0.03981651
-0.0086653605
0.021075979
0.003816461
0.023966806
-0.014062519
-0.028851306
-0.021702562
-0.005838616
0.006525721
-0.022984209
-0.01898262
-0.012524542
0.019281672
0.016162997
-0.012780872
-0.011556187
0.011506345
0.023852881
0.017829139
-0.00046103704
-0.017174074
0.013378974
-0.010110773
-0.005635688
-0.004564089
-0.02081965
0.021303827
0.0052547543
0.031300675
-0.01000397
-0.015322806
-0.023382943
-0.014767425
-0.016333884
0.003841382
0.014447014
-0.011684352
0.0069208955
0.021745283
0.007704125
-0.0034729084
0.008800645
0.01892566
0.012852075
0.013485778
-0.034803845
-0.017729456
0.0020826769
0.03138612
-0.005354438
-0.03030384
-0.032297514
-0.003898344
-0.028295925
-0.0076542827
-0.00086155185
0.029136116
0.04149689
-0.0043718414
0.029050672
0.0072163865
0.00041898296
0.015878186
-0.015137679
-0.021318067
-0.0061020656
0.024237376
0.0047527757
0.018313317
-0.04730703
0.005439881
0.010473907
-0.004122632
-0.006856813
0.029307002
0.0027858028
0.013165366
0.0007013459
0.0050909882
-0.0044430443
-0.00032975717
-0.0040549897
-0.040186763
0.025390858
-0.003140036
0.003307362
-0.012645587
-0.012894796
0.019338634
-0.009356026
0.014639261
0.001974093
-0.002791143
0.0043682815
-0.010587831
0.024835477
0.0036455747
-0.017088631
0.0173592
0.020178825
-0.012047485
-0.001570018
0.014539577
-0.0042579174
-0.011128971
0.015778502
-0.029022193
0.02567567
-0.0028267445
0.016490528
-0.036398783
0.027156683
-0.008266625
-0.0045071263
-0.012019004
0.0109936865
0.029876623
0.0021022577
-0.008138461
0.014995274
0.005279675
0.0103030205
-0.02244307
0.0139058735
-0.020833889
0.0054114
0.008195423
-0.0031827576
-0.013144005
-0.011734193
-0.013386095
-0.017245278
-0.008252385
0.21622814
-0.0029691497
0.021773765
0.006910215
-0.027526937
-0.015607617
0.012752391
-0.004930782
-0.0027021398
0.005336637
-0.019295912
0.010431185
-0.017644012
0.005450561
-0.012403498
-0.0073837126
-0.031927258
-0.025960479
-0.0005353548
-0.03930385
-0.0068283323
0.00041876046
-0.021517435
-0.026387695
0.026829151
0.007896372
-0.004845339
-0.0036170937
0.007903492
0.006636085
-0.009384506
-0.01703167
0.022542752
-0.00459969
-0.003933945
-0.0061376668
0.002595336
-0.00405855
0.008060138
0.021303827
0.007910612
0.00949843
-0.0017506947
-0.013991317
0.0025650747
0.026757948
-0.0094841905
-0.012659827
-0.017572809
0.014219165
-0.018968381
0.0067856107
0.033920933
0.042351324
0.0036704957
0.0038022206
-0.025348136
0.021816486
-0.008344948
0.0073765926
-0.00027057
0.027982634
-0.013200968
0.011613149
-0.0069137756
0.04141145
0.0016705918
-0.008223903
-0.0050197854
-0.022727879
-0.0019562922
-0.013151126
-0.018968381
0.011200174
-0.020235788
0.00044568395
0.01488135
-0.007166545
0.0032610805
0.007223507
-0.008209663
-0.0122753335
-0.0066396454
-0.010516629
-0.014126602
-0.02816776
0.03434815
-0.012830714
-0.012595746
0.003841382
-0.006340594
-0.013599702
0.00033487487
-0.008537196
0.0064189173
0.0018494884
0.021517435
-0.00023163106
-0.0051835515
0.009178019
-0.03819309
0.00032975717
0.016148757
0.008515835
-0.009704919
-0.001464104
0.011107611
0.019352876
0.014546697
-0.014475495
-0.016191479
-0.016291162
0.011990523
-0.0076186815
0.0063227937
0.026658265
-0.015365528
-0.00243513
0.02761238
-0.017487366
0.015465211
-0.009662197
-0.0023051852
-0.0012389257
-0.0045712087
-0.019310154
-0.02053484
0.0051799915
0.005390039
0.0008722322
0.018170912
-0.022656677
0.017515847
-0.0014774546
0.012118688
0.0032504
0.025889276
0.005471922
-0.0019723128
0.003948186
0.013350493
0.0026327171
0.022656677
0.024522185
-0.016846543
-0.055082355
0.027085481
-0.014924072
0.0038912238
-0.022841804
-0.0029727097
-0.0057567325
0.0001580921
-0.019894015
-0.005062507
-0.004528487
-0.035288025
-0.015764263
0.0023336662
-0.00045080166
-0.042151958
0.016305402
0.009662197
-0.028267445
-0.012666948
-0.007355232
-0.18535468
0.005169311
0.0060237427
-0.009441469
0.05061083
-0.018469961
0.0054576816
0.023625033
-0.018071227
0.0026985796
0.000921184
0.0040514297
-0.026074404
-0.008138461
-0.0006466089
0.007202146
-0.015251603
0.016490528
0.015963629
0.015906667
0.016931985
-0.019167747
-0.015208882
0.017259518
-0.0028125038
0.024436742
0.002217962
0.021303827
-0.00704194
-0.019068064
-0.0119335605
-0.010637673
-0.00297449
0.015379768
0.019580724
0.0050553866
-0.005603647
0.0044430443
0.0067037274
0.009412988
0.016205719
0.035031695
0.012731031
0.007825169
0.016077554
0.028395608
0.0003813791
-0.013072803
0.0061590276
-0.02738453
-0.0029940705
-0.029477889
0.005336637
0.010609192
0.024949402
0.0026362773
-0.00041275274
0.013898754
0.02002218
-0.011007926
-0.01190508
0.005575166
0.003629554
-0.0076542827
-0.012239732
-0.03978803
-0.007796688
-0.013770589
-0.029990548
0.013414576
-0.016162997
-0.028794345
5.7128986E-05
0.00032063434
0.010744477
-0.0054042796
-0.03030384
-0.018598126
-0.005379359
0.0078109284
-0.011513465
0.038534865
-0.014810147
0.0061269864
-0.004439484
0.019594964
-0.0037096571
-0.0036153134
0.005432761
-0.004079911
-0.01270967
-0.013236569
-0.009890045
-0.016376605
0.0046174903
0.022642436
-0.011869478
-0.0055573652
-0.004012268
-0.022015853
0.010594951
-0.002139639
-0.0004525817
-0.0037701793
0.029307002
0.0043932023
-0.015280085
0.021816486
0.030132953
0.01271679
-0.048332345
-0.016276922
0.01056647
0.015280085
-0.003196998
0.01462502
-0.0063655153
-0.006796291
0.026829151
0.011983403
0.041582335
0.013193848
-0.020335471
0.014824388
-0.0043896423
-0.035914607
-0.12975967
0.021275345
0.00459969
0.016604453
0.0059133787
0.021759523
-0.0005495953
0.015949389
-0.013079924
0.0341203
-0.0040763505
-0.027697824
0.0019527321
-0.021716801
-0.01189796
-0.0086653605
-0.0018922099
-0.010865522
-0.034661442
0.03061713
-0.02027851
-0.012047485
0.0037096571
0.0033447435
-0.023340221
0.0031880978
-0.03978803
0.019837053
0.008330707
0.008829126
0.0071914657
-0.013706506
-0.00038938937
-0.013200968
0.012666948
-0.0054220804
-0.029819662
0.0005202242
0.0114565035
-0.056677293
0.004030069
0.004357601
0.0038485022
-0.015621857
0.008729442
-0.019822812
-0.034405112
0.0011668331
0.0077895676
-0.011420902
-0.01056647
-0.01815667
-0.008401911
-0.009391627
0.017344961
-0.00027724524
4.679626E-06
-0.002465391
-0.018968381
0.014995274
0.023881363
0.00216278
-0.018299077
-0.0020541959
0.003277101
0.007063301
-0.012310935
0.009811723
0.02489244
-0.008138461
0.00043544857
0.021702562
-0.016875023
-0.010189096
-0.0155364135
0.0035227502
-0.02651586
0.0146107795
0.006653886
-0.012531663
-0.024450984
-0.012147169
0.007632922
-0.008444632
0.0030741736
0.016832301
0.0010805
0.0031489364
0.0189399
-0.026387695
0.015223122
0.025661428
0.011962042
0.0044216835
-0.010530869
0.02737029
-0.0010991906
-0.006408237
0.017231036
0.00046993737
-0.027242126
0.0009870465
-0.06920896
0.023738956
0.0038378218
-0.009847323
-0.018284835
-0.010701755
-0.00731251
0.008259505
-0.0063797557
0.013863152
-0.0071558645
0.029307002
0.0019295913
-0.013592582
-0.009000013
-0.01325793
0.004731415
0.00650436
-0.0017266638
0.011257136
-0.0017827358
0.008864728
0.01922471
0.034462072
0.0078536505
0.00066129444
-0.021545917
0.013642424
-0.0054612416
-0.0030777338
-0.0062373504
-0.050126653
0.0057531726
0.025718391
0.007440675
-0.011947801
0.00088647276
0.016106036
0.0040977113
0.031186752
-0.027541177
-0.01922471
0.0021271785
-0.015778502
-0.001273637
0.017743696
-0.014966792
-0.0012691868
0.0065470817
0.0036437947
0.03708233
0.019210469
-0.01112185
-0.0061376668
-0.011036408
-0.008487353
0.018042747
0.0010092973
0.006856813
-0.02030699
0.032952577
0.00243513
0.008522955
-0.021859208
0.008031657
-0.0004552518
-0.0026843392
0.005849296
0.012780872
-0.026373453
-0.0075332383
-0.0048132977
0.027213646
0.014183564
0.0013297091
-0.008729442
-0.014696223
0.019552242
-0.0037238975
0.014867109
0.019637685
-0.011962042
-0.020506358
0.018469961
0.03437663
0.003574372
0.015821224
0.037481066
-0.009128178
0.0024618309
0.005870657
0.021417752
-0.0059952615
-0.02301269
-0.008102859
0.019723129
-0.017458884
0.0039410656
0.03571524
0.018783255
0.009441469
-0.018341798
0.024992123
0.00108139
-0.017288
0.009676438
0.00514439
-0.03631334
-0.0043896423
0.017373443
0.0029317683
0.012303814
0.0036989767
0.023041172
-0.01922471
0.009555393
-0.010253179
-0.007746846
-0.007355232
0.02436554
0.027156683
0.014639261
0.016647175
-0.033180427
0.023055412
-0.01599211
0.012844955
3.696418E-05
0.0024831917
-0.021303827
-0.0056392485
-0.005301036
-0.022272183
-0.0024778515
0.0056748497
-0.004414563
-0.017273758
0.012553024
-0.018284835
0.049756397
0.0065684426
-0.032439917
0.012937518
-0.028253203
0.020335471
-0.0046673324
0.013293531
-0.0076258015
-0.0041048317
0.01761553
-0.0045854496
0.022115536
-0.034462072
-0.0018886498
0.024806997
0.013151126
0.01002533
-0.00568553
-0.014012678
0.01948104
-0.013364734
0.01272391
-0.0019883334
-0.016362365
-0.019068064
0.018897178
-0.010253179
-0.0010902903
-0.021318067
0.007946214
-0.012111567
-0.029221559
-0.021802245
0.0035975128
-0.02275636
-0.005742492
-0.0119264405
0.015906667
-0.013991317
0.0068354523
0.036826
-0.017501606
-0.023382943
0.009562513
0.0050909882
-0.0030492526
-0.002760882
-0.02080541
