-0.9296875
0.9248047
-0.7631836
-0.94970703
2.0449219
3.8632812
3.2070312
-2.3554688
-1.2880859
-4.96875
1.3398438
1.7431641
0.79345703
-0.61572266
-0.4716797
0.7026367
0.6621094
-0.34960938
-1.7490234
1.6962891
3.9472656
0.46142578
0.01663208
-1.6445312
-0.0062446594
0.26464844
2.3125
1.7314453
-0.1472168
1.3583984
2.2011719
1.9287109
2.5585938
-1.7558594
2.9472656
-1.7373047
-1.6132812
-0.11462402
-0.7758789
0.41918945
1.4101562
-3.3222656
0.296875
-5.1679688
0.90527344
-1.9775391
-0.9121094
-2.4140625
-4.21875
-3.46875
0.89453125
-2.9726562
-2.2050781
-7.8945312
1.0908203
2.9824219
-4.8984375
0.16186523
-2.7695312
0.23474121
1.2226562
-5.8085938
-0.11462402
2.4589844
0.3869629
1.6025391
-5.25
-3.0898438
-0.31323242
0.72753906
1.9423828
-0.6123047
0.28320312
4.234375
-3.0820312
0.7753906
0.08013916
-4.2460938
1.2275391
-1.1875
0.61865234
-0.99853516
3.0117188
-0.4958496
-1.2128906
-5.5234375
-5.3164062
-1.5039062
-0.37573242
1.6894531
3.3378906
-2.9726562
1.7363281
1.4619141
-0.8144531
-1.5605469
6.1132812
1.4375
1.8427734
-0.20898438
-3.1210938
-1.6210938
0.63183594
0.62158203
-5.671875
0.12298584
-2.7207031
-1.7412109
1.4101562
0.52978516
1.5136719
0.36645508
-1.3427734
0.0124435425
3.9160156
-1.1826172
4.0390625
0.7817383
-1.9443359
3.0332031
3.734375
-0.8173828
3.5976562
-1.5136719
-1.6289062
-0.19543457
-5.1914062
-3.2949219
1.765625
1.9414062
-5.4101562
-1.8710938
1.5195312
2.515625
0.2479248
0.097229004
-0.75683594
-0.52001953
-0.30493164
0.29370117
-1.0644531
1.8671875
0.36206055
-0.35205078
0.44848633
-1.4003906
1.0488281
9.5
0.7729492
0.8720703
-3.9550781
2.1386719
-0.2800293
-0.07171631
1.4521484
-0.7324219
0.4621582
0.12219238
2.7910156
1.8515625
-0.9423828
-2.1289062
0.16625977
2.9746094
2.2910156
-1.4814453
4.1445312
-2.5136719
-2.515625
-2.9121094
-0.16711426
0.49047852
0.56396484
1.2294922
1.1806641
-5.203125
-3.3261719
1.6025391
-2.0234375
-1.3720703
1.2119141
2.25
5.9765625
-4.0390625
0.56640625
-0.21020508
1.0917969
2.25
-0.62158203
2.9765625
1.2304688
-4.6367188
4.6523438
4.3710938
-2.0039062
-1.1767578
0.9511719
4.0585938
0.20385742
0.6191406
-2.8613281
-2.0234375
3.453125
2.0546875
4.4570312
1.2880859
0.6533203
0.1439209
3.3476562
1.8779297
-2.3535156
3.0703125
2.4492188
-0.6777344
6.90625
-1.7294922
-0.21179199
-2.7382812
-3.9296875
-4.0976562
0.41674805
-6.2851562
-2.0292969
3.2890625
-2.8867188
-0.2154541
-0.4333496
3.4882812
-0.89404297
-2.4902344
-1.5585938
2.6816406
-0.9501953
3.4941406
-2.6386719
0.023956299
1.0419922
-0.0027942657
-1.8671875
-0.43725586
-3.3378906
0.75146484
1.4189453
-1.8466797
-0.95214844
10.109375
-5.7734375
-0.86328125
-2.6542969
0.14904785
-1.65625
-0.92333984
-3.75
1.3603516
-1.5507812
-0.3239746
1.3447266
-3.6191406
-2.34375
0.21643066
1.3007812
1.125
3.6074219
-2.9433594
0.4013672
-0.9633789
-2.0839844
-2.2109375
0.3647461
-1.3349609
0.43237305
-1.4882812
0.12683105
2.1875
-1.6503906
-4.109375
-2.5957031
-1.1269531
0.15881348
3.0078125
-1.1953125
-5.984375
1.3164062
-2.9746094
-1.6259766
3.0976562
1.0361328
-0.3322754
-3.1972656
-2.0292969
0.49438477
-3.7050781
-3.8945312
0.7211914
-2.7773438
-1.1699219
1.0097656
-1.0751953
1.0205078
-3.0449219
-2.4550781
-1.5
-1.9599609
2.125
0.18310547
-1.5195312
3.4726562
1.3720703
-2.6464844
3.3515625
0.2692871
-0.3400879
0.81591797
-0.7949219
-1.9970703
0.6875
5.703125
0.5126953
-0.83691406
-0.38378906
3.4667969
3.1015625
-2.4765625
0.93115234
0.38378906
-0.06329346
-2.4179688
-1.4775391
0.9511719
12.3046875
3.4746094
1.7363281
-0.19873047
-12.5078125
11.6484375
1.9501953
-0.25317383
-3.0585938
2.7949219
-1.3300781
4.5546875
0.55126953
-3.3671875
-1.3007812
-0.9135742
1.7617188
-2.5175781
0.73046875
1.1347656
-0.24157715
-0.3942871
-3.2128906
-2.3691406
3.1933594
3.0839844
-1.8037109
0.7944336
3.7285156
-1.421875
-4.71875
4.2695312
2.5800781
-0.63183594
2.3652344
-1.2529297
1.2832031
-0.56103516
1.3916016
-2.0410156
0.33374023
-3.6855469
-3.2636719
-2.0742188
-2.5273438
-1.8837891
4.0390625
-3.1289062
-0.10797119
-0.9194336
-1.875
0.37768555
-9.1953125
0.83984375
-1.0566406
1.3769531
-0.7832031
-0.038513184
2.6542969
-2.1953125
5.140625
-2.3046875
-1.0400391
-2.2246094
-0.23022461
0.39526367
1.640625
6.078125
1.5800781
-3.1484375
1.2373047
0.24584961
-0.27514648
-5.3515625
3.5839844
-2.3867188
-0.9116211
5.4726562
1.7412109
-2.8535156
4.6992188
1.0146484
0.2548828
-1.9833984
-1.1933594
-0.9584961
-1.8837891
9.1953125
-0.30493164
-0.82666016
0.31323242
0.28930664
-0.22473145
-3.0273438
-1.3554688
3.8125
-18.875
0.88134766
2.75
-0.3972168
3.0078125
-1.2597656
-1.0615234
0.9628906
-1.1347656
1.5039062
-3.2949219
-1.5888672
0.062072754
0.37768555
0.7841797
-1.1445312
0.7841797
3.3085938
1.7041016
1.0400391
-3.8339844
-1.2880859
1.0800781
-1.5087891
1.1533203
-0.5058594
-3.8457031
-0.26367188
1.3056641
1.7216797
3.4824219
3.9238281
-0.85253906
1.9873047
-2.2597656
4.5078125
2.078125
0.8959961
-1.3105469
-3.0585938
-1.65625
5.8046875
-4.046875
-8.1171875
-1.1923828
5.140625
3.3847656
1.5283203
4.1875
1.6591797
-0.3701172
2.3203125
-0.63964844
-4.3710938
-6.3710938
0.30786133
4.7617188
-2.0175781
-2.859375
-1.8330078
1.4453125
-3.4882812
-1.8017578
-2.0097656
-2.5996094
0.24499512
0.113586426
2.0585938
2.9941406
0.13342285
5.546875
-0.734375
-0.14587402
-3.4804688
2.3339844
1.1904297
-1.4619141
1.4941406
0.55322266
1.0966797
3.078125
1.1660156
0.34594727
-0.21435547
1.2431641
-0.4597168
-1.4160156
6.0898438
0.30126953
-2.4804688
-2.6621094
1.3769531
-2.125
-0.10449219
0.72753906
2.3984375
2.2089844
3.0761719
-3.8828125
-6.1523438
-0.7661133
0.6660156
-1.4873047
-4.5195312
-0.000395298
-3.6230469
-0.29077148
-2.8671875
-2.0878906
2.8925781
-1.4023438
-4.3125
-1.203125
-0.6308594
0.062408447
-0.6176758
5.3984375
-0.9404297
2.6289062
-2.5332031
3.9355469
10.234375
-2.2167969
0.17944336
1.9023438
0.016174316
-0.7739258
1.3212891
-4.0039062
-1.0537109
-0.2932129
3.6210938
4.8515625
2.9863281
-4.0195312
2.6835938
5.125
1.1777344
2.7109375
0.36279297
1.7363281
-3.0820312
-6.3632812
-0.875
-3.1289062
0.010261536
2.8925781
4.34375
2.7011719
1.0908203
-4.3867188
2.8222656
1.5029297
6.578125
-2.1601562
-2.3945312
-2.5
-1.875
-1.2568359
-3.8261719
2.3789062
-1.6162109
1.3242188
-6.7695312
-0.5336914
0.98535156
-0.55566406
-1.6220703
2.0429688
-1.4384766
1.1992188
-3.078125
0.2770996
-1.7392578
-0.077697754
4.796875
-4.25
0.9194336
6.125
4.1484375
-0.035125732
2.8515625
-0.36157227
-2.2226562
-2.9609375
-0.24584961
-2.5703125
0.5493164
-0.49829102
-2.7617188
-1.5087891
0.92089844
-0.54589844
-1.4521484
4.2890625
1.1884766
0.79345703
-3.7675781
-2.0292969
1.8037109
-2.2441406
0.20227051
-4.265625
-3.0449219
1.2480469
1.2529297
-1.8232422
-2.8691406
-3.2167969
-2.3769531
0.3395996
1.1972656
-1.7412109
5.078125
-1.5351562
3.1113281
-1.2119141
-1.5419922
-2.0722656
-1.7763672
0.98339844
-3.8789062
-1.4326172
-2.8476562
-2.1894531
-1.6767578
2.6621094
4.9609375
2.5898438
-2.3769531
0.59814453
2.328125
-1.2353516
4.1835938
1.5703125
-0.25610352
-1.7988281
-2.8847656
-0.7963867
-0.76904297
-2.5527344
-0.87597656
2.4003906
-0.21118164
1.4804688
0.87060547
-3.6074219
-1.4130859
-1.1015625
1.8515625
-0.111328125
-2.4550781
-0.7128906
-1.7851562
2.2832031
0.67626953
1.5439453
-0.7675781
-3.8007812
-1.6318359
0.8120117
7.984375
2.9121094
0.73046875
0.890625
0.18029785
-0.4296875
-3.3007812
1.5888672
-0.5097656
0.11828613
-2.390625
-5.75
1.1044922
1.7744141
1.4208984
1.5087891
-4.828125
3.7285156
-6.4648438
-1.6464844
3.7148438
2.2636719
0.04269409
1.4863281
-0.78808594
4.4960938
-0.07312012
0.47607422
0.39526367
0.7216797
-1.5507812
1.2714844
-0.78564453
-2.9375
2.3496094
-3.4023438
-0.12915039
-1.9199219
2.5585938
1.3857422
0.6875
-1.71875
-0.8779297
-9.8203125
2.6953125
6.2226562
-4.53125
-4.0195312
6.9179688
10.984375
0.43603516
-1.2675781
-2.1347656
-0.09954834
3.8339844
1.8173828
-2.8203125
4.5234375
-2.5234375
-0.6738281
0.008728027
-0.25585938
-0.6875
-0.20788574
-3.4414062
-3.0820312
0.45581055
-2.4160156
0.3630371
1.5488281
1.6591797
0.9482422
2.7226562
-1.8613281
-5.9609375
-2.3769531
0.4724121
-1.5410156
-1.4716797
-2.1074219
1.5253906
0.29492188
3.2382812
4.015625
4.0078125
1.5898438
-1.0166016
0.95947266
-0.89453125
3.2070312
1.5380859
-2.4707031
2.2441406
2.1445312
1.1240234
0.22265625
14.375
7.1289062
-2.0429688
-3.8457031
-1.2158203
1.6796875
0.66503906
0.08605957
-1.2119141
-6.7695312
2.0507812
-0.4494629
-2.0820312
1.6210938
-4.7382812
0.14453125
4.2265625
-2.2070312
-1.75
-0.83984375
1.1826172
1.9521484
-3.8828125
-2.1484375
0.49731445
2.0429688
-4.0351562
1.1201172
0.7792969
-0.78027344
-4.6914062
1.140625
0.3564453
1.6289062
-0.23034668
0.023239136
-2.1542969
1.1933594
-4.9375
2.1777344
-3.4375
-0.8173828
5.2460938
1.1240234
1.3066406
-0.14453125
2.2929688
-1.1376953
1.4736328
0.04788208
-2.2890625
2.5253906
6.3203125
3.2636719
0.8491211
-3.5332031
-0.6333008
-1.0019531
3.1972656
-2.2597656
2.8847656
-5.0546875
-2.7167969
-0.10491943
0.35131836
-3.6289062
4.1289062
5.8125
-5.71875
3.9609375
-2.9570312
1.1142578
-1.0986328
1.9990234
1.71875
-0.78808594
2.4804688
1.8496094
2.0078125
-0.37670898
-6.5351562
1.6083984
1.5322266
7.5507812
1.4716797
-1.9345703
-2.6015625
0.6948242
-3.8320312
0.007095337
-0.625
-1.1572266
-7.140625
0.9482422
1.0283203
-1.0693359
0.22021484
2.7167969
1.5205078
-6.5273438
2.4121094
2.2753906
1.5517578
-2.3066406
-1.3154297
-0.25976562
1.4228516
-6.4453125
-0.6665039
-1.5800781
2.3496094
-3.3671875
-4.0273438
-0.15148926
-1.4589844
2.0742188
0.056549072
-1.8291016
1.8359375
-11.2421875
-0.53759766
1.8046875
0.59228516
0.08666992
6
-3.0175781
1.265625
4.2070312
-3.8886719
-2.3320312
-2.8847656
-1.453125
-2.1933594
2.9726562
-6.2226562
-1.2119141
1.4755859
1.0019531
-3.6523438
-2.90625
0.5571289
-1.1699219
-0.10083008
1.4101562
-2.2988281
0.7392578
1.3632812
0.80078125
-0.70947266
0.8881836
4.0664062
1.0205078
-0.48046875
2.0332031
-2.3183594
-0.8359375
3.7480469
-2.5058594
0.085754395
0.02947998
-0.13928223
4.7070312
-4.2773438
2.171875
2.2597656
-2.53125
3.0585938
1.9892578
0.28442383
-1.1513672
1.2197266
-1.0488281
1.1904297
1.8134766
-3.6269531
0.265625
-1.609375
-0.5541992
16.53125
0.11260986
-2.4355469
-0.34643555
-1.1054688
-0.28515625
-1.4912109
0.5834961
4.5585938
0.7241211
2.4335938
-1.5419922
-3.28125
-0.7089844
-4.1210938
-0.7480469
-1.4941406
2.3164062
-4.25
0.18823242
3.9941406
1.0410156
-0.9863281
1.9345703
1.8134766
-0.4296875
2.3496094
0.9194336
2.3808594
1.6943359
-0.9199219
0.2524414
0.18273926
-1.5507812
-0.3605957
1.2529297
1.5068359
-1.765625
-3.453125
-1.9931641
-0.1616211
2.828125
1.4619141
1.1279297
0.3708496
0.296875
-0.04788208
2.9921875
2.8164062
-0.5810547
2.6953125
-0.80810547
1.5537109
1.9599609
2.5917969
5.1914062
-0.31054688
1.3066406
-0.7421875
-0.6176758
0.83154297
1.3105469
1.5986328
-0.89453125
