-0.6875
2.7050781
-0.7373047
-0.5957031
0.50146484
5.3789062
1.4755859
-1.5810547
0.2685547
-2.7070312
2.8789062
-0.50439453
-1.1376953
1.3740234
1.6865234
-0.5205078
0.87597656
-1.8496094
-0.25805664
1.3535156
-1.2861328
1.6474609
-1.9511719
-0.9423828
-0.83984375
2.3105469
2.1386719
1.5810547
-0.24865723
0.23498535
1.6191406
4.0859375
2.6953125
-1.2802734
0.11779785
-0.65771484
0.5214844
-1.0322266
-1.7792969
1.9697266
-1.8105469
-2.4765625
0.33374023
-5.6992188
-0.13842773
-2
3.2265625
2.0078125
-1.6660156
-1.0576172
0.47973633
-3.3085938
0.08117676
-2.640625
1.2724609
0.32958984
-3.34375
-1.46875
0.43041992
1.8583984
-0.28173828
-3.4921875
1.2158203
2.9960938
-1.5449219
5.0117188
-2.453125
-1.4970703
-1.2177734
-0.79052734
0.41015625
-0.2006836
-2.5820312
2.4121094
-5.984375
2.1953125
0.4765625
-2.7207031
1.3935547
1.9697266
-1.5908203
0.8544922
-0.2479248
-0.7060547
-1.203125
-6.6640625
-6.0273438
-0.8222656
0.52783203
-1.9863281
2.3300781
-5.6992188
-0.95214844
1.4316406
-1.7119141
-2.1796875
4.0703125
0.61572266
-0.38891602
1.4902344
-2.1484375
-0.7631836
-0.22180176
-2.7949219
-3.1542969
0.6020508
-2.0898438
-0.6098633
-0.28295898
0.6801758
1.6640625
1.046875
-1.7089844
-2.0078125
4.1640625
-0.57128906
1.3222656
1.9130859
0.10699463
2.6464844
3.8574219
2.015625
1.7792969
-0.6611328
-1.4130859
0.0010871887
-0.56689453
-0.103759766
1.7783203
1.328125
-6.5039062
-1.8574219
3.3203125
3.6777344
0.8222656
-2.4140625
-0.9663086
0.42211914
-1.3457031
2.71875
-1.6601562
0.3137207
-0.5551758
-1.7294922
-1.4619141
-1.1767578
1.6240234
8.5546875
-0.7133789
-1.0410156
-4.2578125
1.03125
-2.6894531
1.6914062
0.079833984
-1.0214844
0.5385742
-0.24523926
1.2617188
1.4960938
0.47338867
-1.5253906
-2.1914062
3.9921875
1.4384766
-0.13916016
0.21643066
-1.7080078
0.43823242
-0.4404297
-1.2460938
0.17651367
-0.17553711
3.1484375
1.6533203
-1.3193359
-1.4609375
-0.33642578
0.85546875
1.3808594
2.8613281
3.0527344
2.0546875
-1.7207031
-1.4785156
-1.4912109
1.3076172
4.5078125
-1.2480469
0.25805664
0.8251953
0.39038086
-0.012542725
2.5234375
-4.1953125
0.5722656
1.3193359
1.5458984
-2.0292969
-0.38452148
0.23986816
-0.77197266
1.3535156
1.2919922
2.9160156
2.3652344
0.35131836
1.6826172
2.3769531
0.65283203
-0.5336914
1.25
2.8007812
-0.13879395
13.5625
-2.4199219
-2.0136719
-3.4355469
-3.7246094
-1.8691406
-1.2255859
-5.1875
-1.2607422
3.2675781
-1.5449219
-0.15942383
-0.20153809
3.0195312
-0.9868164
1.3056641
-1.4150391
5.6523438
-0.87841797
2.0625
-0.7895508
-0.7807617
3.2558594
-0.30688477
0.08502197
1.0673828
-1.7119141
1.7910156
0.80078125
-1.2851562
-1.4189453
4.7734375
-5.4726562
-0.2548828
-2.5175781
1.3369141
-1.1513672
0.6669922
-2.8808594
-1.2539062
-0.4008789
-0.12072754
-0.5444336
0.2211914
-2.5195312
1.1855469
2.4589844
2.078125
5.3164062
-2.6816406
1.2148438
0.030380249
-3.1289062
-1.3925781
0.28637695
-0.3564453
0.8779297
-1.2324219
1.1455078
-2.234375
-1.6835938
-3.1914062
-2.21875
-2.1445312
1.1708984
1.3701172
-3.8144531
-3.4628906
1.8105469
-2.9375
-1.5351562
3.59375
-0.40307617
-2.796875
-1.3818359
3.4082031
-1.5556641
-1.9541016
-3.7246094
2.5585938
-1.6123047
-6.7421875
-1.9833984
-3.4628906
4.5351562
-3.0625
-0.09094238
-1.7763672
0.13208008
2.5683594
-0.92626953
-3.4355469
2.1113281
1.2041016
-3.8300781
4.3359375
0.07879639
-2.4140625
2.90625
2.0898438
-1.3740234
0.7265625
2.3554688
0.56884766
1.9765625
-1.3330078
-1.7939453
3.3730469
-2.7832031
1.9033203
0.7402344
-1.7138672
-2.4375
-0.6220703
-0.059387207
25.265625
2.5136719
-0.53466797
1.0273438
-9.21875
10.359375
-0.7104492
-0.41748047
-2.3769531
4.2070312
-4.015625
3.2050781
2.4414062
-2.7910156
0.23657227
-1.2177734
3.0664062
-2.7226562
-2.6660156
1.4052734
-1.9746094
2.1035156
-3.3066406
-2.1660156
1.1523438
2.3652344
-1.0087891
2.5722656
2.2988281
-0.4140625
-4.5546875
3.4550781
2.8027344
-2.1640625
0.5522461
-1.0966797
1.6640625
-0.47021484
2.5546875
-3.0566406
-1.625
-2.1484375
-2.828125
-3.4785156
-1.8671875
-3.1914062
4.5546875
-4.359375
0.9951172
0.39013672
-2.1914062
0.26123047
-7.1796875
1.4033203
-0.77197266
2.8496094
0.34960938
2.0097656
2.0332031
-3.6640625
2.890625
-1.3349609
-2.1289062
-2.7050781
1.1552734
-2.7421875
1.9902344
6.2421875
0.83984375
0.13024902
2.2089844
-5.140625
-0.39282227
-5.4296875
3.3652344
-4.1640625
0.23242188
6.6171875
0.6772461
-0.15734863
5.9335938
-1.5097656
-1.2070312
-2.7070312
-0.56933594
-1.1435547
-1.921875
4.6328125
-1.53125
-1.265625
-2.8183594
0.6953125
-1.1953125
-0.6274414
-2.234375
4.8984375
-26.90625
1.5380859
1.6835938
-0.93115234
2.9746094
-2.3789062
-0.8364258
0.101379395
0.62646484
0.24743652
-2.0292969
0.21142578
2.9179688
-1.6083984
0.06463623
1.7744141
-0.37426758
3.3085938
4.5976562
1.7011719
-6.1445312
2.2949219
1.6367188
2.5800781
2.1933594
-3.0058594
1.4091797
-1.8359375
0.59765625
2.0507812
3.2558594
4.484375
2.5351562
3.6152344
-0.83935547
2.9316406
0.3791504
-3.8125
-1.4902344
0.69921875
-1.7041016
2.1308594
-3.0527344
-8.3359375
-1.7822266
2.0390625
1.7265625
0.16748047
3.6855469
-2.2128906
0.5810547
0.95751953
0.6875
-4.5
-2.5429688
0.83984375
1.3115234
-1.2988281
-0.28564453
-2.0488281
-1.6337891
0.6430664
-0.88964844
-0.03652954
-5.0703125
2.1679688
4.921875
3.2167969
2.7988281
1.2568359
3.2578125
1.2421875
-1.9736328
-2.1386719
2.0644531
-2.8085938
-1.5009766
-1.1572266
0.14282227
5.21875
5.484375
0.18188477
2.6757812
-0.12036133
0.42944336
-3.1015625
-6.453125
4.2109375
0.4560547
-0.7792969
-5.1796875
1.609375
-0.16809082
2.1777344
0.07281494
-0.3984375
3.3769531
0.84716797
-3.4179688
-7.4570312
-0.44677734
4.0078125
1.0966797
-1.9355469
0.19824219
-1.71875
2.0898438
-2.3300781
-0.8569336
2.1191406
-1.9833984
-2.6523438
-2.1191406
0.6640625
0.3461914
-0.23498535
3.8789062
-1.2158203
1.5986328
0.86328125
6.9375
10.0625
-0.93115234
1.0175781
0.17443848
-1.4511719
-1.7910156
0.92626953
-0.1003418
-1.0595703
-3.0976562
3.9746094
3.4023438
2.6113281
-3.0058594
1.3369141
2.0683594
2.0078125
2.6914062
0.68310547
1.0380859
-3.3886719
-3.9453125
0.23059082
4.4492188
1.0498047
2.9238281
2.5664062
1.390625
2.2050781
-1.9609375
4.7109375
-0.036315918
8.6953125
-0.8618164
-1.0546875
-0.3017578
-1.8007812
-0.25097656
-4.4179688
3.6777344
-0.5024414
-2.2636719
-6.984375
2.5507812
0.16503906
-0.8779297
-0.6977539
1.1474609
-1.5664062
0.49902344
-0.9633789
0.35375977
-1.3603516
0.6201172
5.5117188
-4.9023438
-0.23669434
4.875
4.5546875
-0.75146484
2.2578125
-1.5029297
-3.8945312
-2.5546875
-1.7910156
0.17578125
0.7241211
-1.125
-1.0546875
-1.3408203
2.5839844
-0.62402344
-2.2753906
1.7246094
2.4140625
-2.8730469
-3.6601562
0.4987793
2.3769531
-0.4831543
1.5546875
-3.4980469
-0.8413086
0.4333496
3.8691406
-1.7314453
-1.9150391
-1.7597656
-1.1308594
-1.4404297
-1.7763672
-1.9130859
4.515625
-1.5361328
4.7539062
-0.0637207
0.3815918
-1.90625
-0.12902832
2.8867188
-0.5571289
-1.3291016
-3.0527344
-0.16271973
-2.6464844
2.0488281
3.3652344
0.6376953
-1.4648438
6.5273438
-1.3535156
-1.6220703
3.5039062
3.1347656
-1.2441406
-1.0654297
-0.77734375
-0.39819336
1.7724609
-1.9951172
-1.6757812
-0.081604004
1.0703125
1.9003906
-0.14709473
-3.6914062
-1.1845703
-1.8173828
1.3935547
-0.6035156
-1.9482422
4.8710938
-0.48120117
2.6210938
0.30859375
1.0390625
-1.5576172
-5.015625
-0.15197754
-0.97998047
4.4882812
0.37158203
-0.12890625
-0.45361328
-1.6601562
1.9257812
-3.421875
-0.74316406
1.1621094
1.3720703
0.22717285
-5.0625
2.9375
3.4550781
0.90478516
1.7148438
-1.7167969
1.453125
0.08935547
-1.2851562
2.578125
0.47680664
2.8066406
1.7167969
-2.4355469
8.2734375
1.2880859
0.7832031
0.57714844
2.1347656
-0.32128906
1.2480469
1.5556641
-5.25
-2.1699219
2.7226562
-0.66503906
0.105407715
1.9619141
0.88623047
3.7539062
0.5546875
-1.7333984
-5.3554688
-0.4399414
3.6445312
-4.7109375
-3.5625
3.0820312
4.921875
1.7568359
-0.30493164
-3.84375
2.3671875
4.0273438
4.2695312
-2.9765625
-1.4521484
0.25390625
-0.8417969
0.9003906
-0.068115234
0.1451416
-1.3125
-1.8496094
-1.7431641
1.9746094
-3.6074219
1.6660156
1.5029297
-1.0283203
1.5136719
0.97558594
0.52783203
-5.3867188
-0.7080078
-0.42089844
-1.5087891
-1.5615234
-2.2910156
-1.4257812
-1.1875
0.7758789
-0.80810547
2.1445312
3.1484375
-1.1640625
-1.0019531
-1.0869141
3.5507812
3.4042969
-2.0332031
-1.6503906
3.0117188
-0.97998047
-0.26733398
10.078125
15.4609375
-0.3425293
0.38452148
-4.046875
1.1132812
-0.41796875
0.9550781
-2.8007812
-2.9433594
1.5332031
-0.97558594
-1.8642578
1.8554688
-2.0644531
-1.1640625
2.2285156
-2.3945312
-0.04171753
0.5229492
1.4902344
2.2695312
-1.0517578
-2.359375
2.46875
-0.41479492
-4.1835938
1.4453125
0.65625
0.49169922
-6.0898438
2.0371094
1.4179688
2.0332031
-0.22302246
-1.8222656
-0.55615234
-0.6933594
-1.8671875
1.71875
-1.4492188
-0.9560547
4.953125
2.1796875
0.5283203
-0.14660645
3.4101562
-1.6220703
0.83691406
-3.0976562
-0.015571594
-0.03656006
7.8789062
3.0527344
-1.8300781
-3.1582031
0.7792969
-2.1191406
0.83203125
1.2792969
0.6665039
-4.0078125
-2.6894531
-0.19787598
-2.796875
-1.9521484
3.6777344
5.25
-5.7695312
0.9057617
-0.2939453
-0.012626648
-3.1464844
-0.0793457
0.79541016
1.6914062
0.20361328
3.6914062
0.12634277
-0.7338867
-3.6035156
1.6152344
3.0722656
9.5703125
1.3945312
-3.3710938
-6.0234375
2.5507812
-1.4511719
-0.08673096
0.5546875
-0.6958008
-5.8515625
-0.5566406
3.2324219
-0.54541016
0.44726562
0.28930664
0.26831055
-0.56591797
2.7558594
-0.3022461
0.8955078
1.2958984
-1.6503906
2.0488281
3.1230469
-6.0898438
1.9931641
-1.6787109
2.0429688
-3.4609375
-3.1230469
-0.68310547
-1.4960938
2.0332031
-0.46850586
2.5585938
3.2675781
-11.0234375
-0.122802734
3.4746094
0.28857422
0.6020508
2.4960938
1.0117188
-0.104003906
1.8652344
-2.8105469
-3.0195312
-3.7148438
-2.3320312
0.5957031
3.8828125
-3.3320312
-1.3369141
-0.030380249
0.29174805
-2.6347656
-3.3183594
-0.81933594
-1.8427734
1.8359375
1.1474609
2.109375
1.9550781
0.09503174
0.26635742
-1.1220703
0.86816406
1.6855469
-2.9316406
1.8740234
3.21875
-0.6113281
-0.671875
4.3984375
-3.953125
0.9692383
2.2402344
-0.953125
2.7148438
-3.6640625
2.2050781
1.3154297
-2.0488281
0.48364258
1.1425781
-0.09436035
1.0390625
-2.7402344
-2.0683594
1.5478516
5.4375
-2.7890625
5.8710938
-4.3085938
-1.3378906
12.328125
0.10076904
-0.20751953
1.9726562
-1.4335938
-0.23828125
0.7680664
-0.5126953
1.2607422
1.0185547
2.8925781
-0.50927734
-3.5957031
-0.3774414
-1.9189453
-2.2089844
0.16186523
-0.8588867
-3.1777344
-1.3427734
1.0634766
4.5507812
-1.8105469
-0.03353882
2.3242188
-0.01878357
3.3710938
-0.7416992
2.5625
-0.6118164
0.0118637085
-0.7753906
1.7148438
-2.7324219
0.94628906
0.88134766
1.2001953
-2.6542969
0.328125
-2.5664062
-0.41796875
2.6171875
0.26245117
2.34375
-0.48535156
-1.5908203
-0.16894531
4.8085938
1.3085938
1.4423828
2.3652344
0.26123047
0.02909851
1.6699219
2.7324219
4.7695312
-2.7851562
1.9169922
-0.8647461
-0.63916016
-2.4746094
0.38452148
-0.90722656
-1.3164062
