0.0071110455
-0.0267039
-0.005088017
-0.035636224
0.014109276
0.084555835
0.0035048688
0.002078772
0.009378308
-0.038665723
-0.00013105641
-0.01870248
-0.025157217
0.012115532
0.020511404
-0.022218596
0.01495038
0.0100382045
-0.04080546
0.003930697
0.004941225
-0.014066774
0.027057784
-0.0012458492
0.069964655
-0.008722152
0.015068505
0.045204148
-0.008178211
-0.002717454
0.03889188
0.0062120655
0.022725044
0.017671973
-0.0037116169
-0.0062992745
0.026484162
0.023228036
0.00873708
0.0015877563
-0.015543759
-0.0064238566
-0.0021114075
0.017173184
-0.017163873
-0.026555248
0.0341184
0.013650869
-0.06577504
-0.0052367877
0.0023744153
-0.024961539
0.03923003
-8.030847E-05
0.010039725
-0.017036539
-0.01415702
0.009855578
-0.013278918
0.0066885017
-0.0036993206
-0.0026450201
0.01846852
0.0044054496
0.009861255
0.03453542
-0.00999389
0.017396197
0.022640204
0.025788063
-0.023380058
-0.006123559
-0.0021392694
0.0030813937
-0.016940383
0.019788563
-0.023001349
0.013705934
0.009980109
0.03586506
-0.034445412
0.007600389
0.033918303
0.005401191
0.027360113
-0.015624572
-0.007998802
0.042526368
-0.0046108253
-0.0014213311
-0.011507468
-0.031095212
0.02245895
0.021525562
-0.012290365
-0.0031320462
0.051750664
-0.004984859
0.043193955
0.0041779834
-0.008765067
0.0079822205
0.0054477863
-0.024969418
-0.032446027
0.017366363
-0.023011323
0.018186837
0.024169885
0.014075296
-0.010186531
0.005549017
-0.009568926
-0.005377192
0.006370534
0.012254174
0.026808808
-0.00431824
-0.037408657
-0.0042107715
0.004314654
-0.027749902
-0.004075553
-0.036163386
0.016695425
0.017334532
0.03187498
-0.04381887
0.033289272
0.006473329
-0.4640493
-0.04549204
-0.011017788
0.022858156
-0.0043464606
-0.0066588335
-0.024046605
-0.017233888
-0.020714384
-0.0024517006
0.0341188
0.018113717
0.0143438745
-0.010454655
0.01968886
0.008085414
0.07711847
0.008530557
0.01656614
0.036199786
-0.005553735
0.035292584
-0.035637382
0.006932162
-0.015108153
-0.011884698
0.0016827807
-0.006080434
0.003773675
0.042300697
-0.05408362
0.030782795
0.002941573
-0.0008968257
0.021091172
-0.023841364
0.009677642
-0.00072825566
-0.003611438
-0.025188517
-0.0027254308
0.01011769
0.013619373
0.05023377
0.003851976
-0.013747623
-0.04050243
0.041165482
0.0154357
0.01039959
-0.017106708
-0.013019693
0.028128609
-0.006170658
0.016023545
-0.02083427
0.021334585
-0.012592723
0.016471239
0.038404223
0.03366542
0.005545015
0.03205015
0.041980013
-0.007283574
-0.0037672776
-0.026467007
0.033248045
-0.005723671
0.0038200142
-0.009203714
-0.032742303
0.04046723
0.034266435
0.008645257
0.0046954374
0.022908939
0.005587081
0.02029368
-0.020651355
0.0104277115
-0.0064258226
0.0037050112
0.0062971828
0.03000234
0.015891137
-0.041345634
-0.025000125
-0.006800812
-0.037858408
-0.042398322
0.020063365
0.0035537188
0.032733373
-0.017542925
-0.0065709706
0.023708733
0.024703836
-0.014377309
-0.029915573
-0.026675278
0.08125915
-0.009384341
0.004151699
0.04235659
-0.001804617
0.02659406
-0.009203588
0.010743457
-0.021905549
0.0025475188
0.038219593
-0.00736141
0.014069804
0.021908186
0.05343379
-0.020480331
0.004495807
-0.029053032
0.024106843
-0.035355907
-0.03944479
-0.061941843
-0.014031636
-0.02899772
0.0032816818
0.022466253
0.03728132
-0.014877523
0.007065203
0.02589514
0.029955193
0.023162955
0.0072258664
0.024524348
0.02192306
-0.02987852
0.004822903
0.012387162
-0.039613996
0.018551838
0.007492058
0.0014074736
-0.00012518135
0.008274747
-0.027753387
-0.025021689
0.040679667
-0.0033887194
0.029333448
-0.0763086
-0.0042937207
0.013564823
-0.024216274
-0.004620387
0.044307027
-0.018229341
0.0023615188
0.023817154
0.019875193
-0.013090675
0.00068207923
-0.013798909
0.0023903407
-0.015960453
0.0025582307
0.017883262
0.021947617
0.011177641
-0.028473372
0.007122237
0.0077696913
0.013978339
0.0054342733
0.008152614
-0.028641492
-0.030659692
-0.0076632034
-0.033704657
-0.016429404
-0.00897803
0.0105230315
6.5862855E-07
-0.029208736
0.0043009245
0.015772382
0.030643784
0.031244006
-0.0067286026
0.031158175
0.0043833475
0.024067506
-0.005374129
-0.012239393
-0.0034759943
0.007491505
0.0014583446
-0.020647151
-0.0048381267
0.07929618
-0.010024211
-0.004354153
-0.010257272
-0.018101051
0.04308954
-0.022364216
0.0056840847
-0.017147806
-0.0016019794
-0.0054301727
0.0054969625
0.04246431
-0.02773077
0.00082086195
0.027337238
0.033434514
0.009976736
-0.007776422
0.022119176
0.029236395
0.01644644
-0.0062216027
0.013917274
0.003268098
0.011035531
0.018676963
0.036244735
0.019581694
0.008822092
-0.05639968
0.017497031
0.013431857
0.006624418
-0.009945937
-0.012958011
-0.0028666137
0.045751035
0.025241243
0.0014140061
-0.024858503
-0.034422927
0.009066865
0.0050204988
-0.023749646
0.0059314235
0.03178484
-0.008047069
0.015267207
0.016888825
-0.016992277
-0.0049135024
0.0007478803
0.008371637
-0.002298447
0.006517945
-0.010855831
0.009159451
0.010510682
-0.021091115
-0.015958149
-0.0048686196
0.00015618911
-0.012446388
-0.017907126
-0.025776086
-0.021032998
0.014738867
0.016043292
0.028571388
-0.0034247267
-0.006193953
0.0018548786
-0.00097268383
-0.004085558
-0.026457096
0.010012864
0.46589285
-0.0026680357
-0.0027873532
0.061099432
-0.01601511
-0.030390322
-0.06726095
-0.024297962
0.017330596
-0.038699467
0.04047285
0.011012858
-0.04686514
0.02106844
0.025733303
0.006896876
0.012642784
-0.026079528
0.008120492
-0.0834522
0.0107334135
0.0015918274
-0.0019045746
-0.005335149
-0.0153405545
-0.026030201
-0.009508841
-0.020559736
0.008456333
-0.013199991
0.012604187
0.00013423635
-0.032105096
-0.013203741
0.00011095642
-0.0066310856
-0.012430433
0.035740856
0.012559605
-0.04554975
-0.016392212
0.018280713
0.024349969
-0.008076965
-0.013236869
0.0034068704
-0.008073197
-0.007944827
-0.021320732
0.005428081
0.025970072
0.013456499
0.0028228452
-0.021875136
0.028424382
0.026735729
0.017724283
-0.034330793
0.0076038125
0.037226394
0.03430953
0.01564656
-0.07098071
-0.019696692
-0.005649583
-0.0141237965
0.0040969956
0.0077508497
-0.01725896
0.022620197
0.02048605
-0.013329159
-0.021934545
0.03930139
-0.0063779005
-0.00024236043
-0.016075483
-0.019940412
0.0043172664
-0.0050092167
-0.0027106346
0.01384698
-0.003766843
-0.008458199
-0.011527839
0.024823615
-0.02535143
0.038960356
-0.0008877619
0.017005555
0.0056035668
0.005032101
0.01857255
-0.030091347
0.016858017
0.008074427
-0.028173434
0.021691931
0.016899718
0.0142678665
-0.02317687
0.0014610104
-0.021617627
0.012205856
0.0008343695
-0.06592907
0.06700711
0.020440547
0.0069024498
-0.061521344
-0.0030484973
-0.0013050587
0.015385699
0.034052942
-0.009654455
0.013991394
0.016807083
-0.007145691
-0.011968219
-0.025773281
-0.007492381
-0.015890643
-0.015573518
0.0071886354
-0.0049994336
-0.010733559
-0.03516571
0.012203039
-0.028705554
-0.009899263
0.018627595
-0.0037622603
-0.012039873
0.0029530197
-0.0016968112
0.037987754
-0.015632272
0.030932147
-0.008559778
0.012428654
0.050890617
0.013933823
0.016530965
0.02454099
-0.005690751
0.009041757
-0.0021049203
-0.0028974875
-0.006869903
2.7282773E-05
0.040412817
0.010549017
0.03777049
-0.015964268
0.012969913
-0.00071867654
0.01165961
0.035502683
-0.003976918
0.020246945
-0.05443613
-0.016807549
-0.0025166823
-0.007897237
-0.03190185
0.03529977
-0.017905347
0.045687653
0.006796716
0.017750481
-0.06659961
0.030896496
0.039215937
-0.02598941
0.019849828
0.011067006
-0.0051092436
-0.022450926
-0.061350554
-0.015025512
-0.012039586
0.03273223
0.005230673
-0.004259906
-0.021521112
-0.0066684457
-0.01749234
0.042824343
-0.003851216
0.015901348
-0.03185601
0.031399377
0.031394627
-0.0043331482
0.014300274
-0.013366523
-0.022183042
0.020420786
0.0135743525
0.028105784
-0.0188649
-0.023492886
-0.027859712
-0.08954214
-0.008057072
0.0019959344
-0.015179715
-0.009415797
0.014731119
-0.0050385203
0.023486814
0.02633822
-1.3463388E-05
-0.0046548974
0.012033051
0.010867347
0.009858677
0.00925896
-0.026195005
-0.011598943
0.025951507
-0.0041143456
-0.048056446
0.003910742
0.02566507
0.0023073123
-0.030348962
-0.014460931
-0.004194332
0.009959264
-0.020984923
-0.025747769
-0.013080783
0.020629639
0.039390046
-0.016105969
0.0025413525
0.0028029003
-0.002444564
-0.00215817
-0.006940832
-0.0030305875
-0.027824247
-0.012068221
0.0140878875
-0.042357054
0.015752796
0.01694762
-0.007163061
0.017729
-0.015731087
-0.03748675
0.024742981
-0.006219478
0.021848068
-0.025294939
-0.0214702
0.0051570754
-0.03348663
0.03722838
0.016559226
-0.031672556
0.014849736
0.011010735
0.030664278
-0.030581106
-0.0040224213
0.016260887
0.01190945
-0.015635781
0.012305368
0.009540044
-0.017147854
0.00406555
-0.009326181
0.0018082898
-0.004071029
-0.013882908
-0.016798168
-0.015064132
0.02336534
0.02961536
0.0048889453
0.01127762
-0.0147583345
0.017391942
-0.014197268
0.0059547736
0.013905078
0.006977512
0.023936132
-0.024878675
-0.026871141
0.008914207
-0.072467096
0.017377747
0.02542164
-0.0010673121
-0.042869203
0.012059219
0.04543424
-0.020349449
0.00075634226
-0.0017547419
0.054595
0.021528307
0.006671372
-0.013754326
0.008786957
0.027972331
0.0008447776
-0.014697956
0.020544026
-0.030980643
-0.028482959
0.00024287995
-0.008846107
0.035467926
0.012603526
0.021839939
-0.011101363
-0.01630722
0.0028579098
0.00590053
-0.011097471
0.045650657
-0.04079311
-0.0076902993
0.005373422
0.08283951
-0.020818107
-0.005395148
-0.010569301
0.007193575
0.018754479
0.025852738
-0.016897721
0.026692815
-0.021576153
0.039626963
0.015078218
0.0027146155
0.020765053
-0.025330294
0.020298058
-0.025484027
-0.017800875
-0.023952225
0.02106442
-0.012843061
-0.0151271885
-0.012354546
0.0024181723
0.0155441305
-0.055587724
0.0027764982
0.009386903
-0.016542496
-0.03045675
-0.004886273
0.024061702
-0.004519335
-0.021746537
0.014969504
-0.018373346
0.022018028
-0.0035306423
-0.0059425076
-0.012977794
-0.009982502
0.04137475
0.0030315681
0.010645609
0.0030900259
-0.00082112686
0.02210077
0.066396385
0.042005617
0.015217428
-0.020801313
-0.025813378
0.0011707552
-0.0011383777
0.001961289
0.0028889133
-0.038002245
-0.036716193
-0.005485527
-0.008216935
0.028949322
-0.039498266
0.0147512425
-0.015921436
-0.04177006
0.004039099
0.0072458303
0.009205093
0.019266194
0.014990783
-0.015184425
-0.01729302
0.0014674747
0.011047193
0.017377932
0.01480114
-0.053933285
-0.01974605
-0.008998926
-0.040523894
0.014932805
-0.03302852
-0.025709027
0.015731333
0.0066234353
-0.00869025
-0.001417281
-0.009484294
0.01578627
0.0072614606
-0.01748516
-0.03686153
0.0094105825
-0.019801289
-0.029145706
0.0035684693
0.004934862
0.0037411733
0.016152782
0.042773407
0.006431701
0.0047666295
0.0076249717
-0.022391463
-0.020983865
-0.02716362
0.022200555
-0.010198413
-0.0044219955
-0.01954886
-0.043562226
0.022130223
0.00090501586
0.018285101
0.020027261
-0.025921168
0.02589813
0.013048973
0.013337591
-0.035664942
0.036702342
-0.021379039
0.015867878
0.0068802503
0.025672447
0.0013130811
-0.06380875
-0.026316144
0.023036912
-0.0136614945
-0.0034230773
-0.016076127
0.03290671
-0.02161697
-0.011579733
-0.03346165
0.0071664685
-0.030215397
0.012856862
-0.0010610921
-0.0007243801
0.04241994
0.00590943
-0.02018886
-0.014464411
0.006275202
-0.045460675
-0.0013264009
0.006644287
0.0029087053
0.025504915
0.018540291
-0.058811735
0.038159847
-0.05048518
0.030331204
-0.018697916
0.0050078654
-0.026118638
0.012755277
-0.0016877821
0.0009733567
-0.0147100175
-0.016866677
0.038760062
0.02961093
-0.040526237
-0.005205591
0.0072963554
-0.027990744
-0.020216929
-0.007476812
-0.021981988
-0.03286934
-0.02036525
-0.043093167
-0.029218592
0.008122047
0.005390867
0.02710737
0.009196431
-0.0019074827
0.002466326
0.008954925
0.018393211
0.02635121
-0.030431094
0.02143271
-0.042007856
0.033986557
0.0083218
0.01852483
-0.0021807991
0.026572386
-0.0031865851
0.03307093
0.027719148
-0.024648532
0.03689528
0.0004968674
-0.009884346
-0.0124501325
0.023442918
0.006098275
-0.0074612945
0.008895142
-0.013273
0.0035158994
-0.009132746
-0.020073624
0.030909836
0.01117253
-0.0013528795
0.03312591
0.007839395
0.0023773147
0.0016289942
-0.02508466
-0.04793613
-0.013733367
-0.0031360972
-0.025271976
-0.022344619
-0.00071105355
-0.008660958
0.09785208
0.040165346
-0.051064212
0.025483444
-0.008508984
-0.015743438
0.023835361
-0.004399971
-0.009597321
-0.0294737
-0.00026297115
-0.020431757
-0.040555563
-0.005414864
-0.035611413
-0.01476556
0.02994501
-0.00055024144
-0.070074305
-0.003961483
-0.032025527
0.009074433
-6.118842E-05
0.002997739
0.009733598
-0.03229711
0.022507807
-0.0210743
-0.0016224994
0.0081786355
-0.016221948
-0.019954536
-0.017175566
-0.010395485
0.021418186
0.011251077
0.010981659
0.0010591894
-0.009791336
-0.03317214
-0.0096356915
0.016780924
0.013751576
-0.0176782
0.042325813
-0.0075446996
0.004972121
0.014617752
0.015335566
-0.013252636
0.009743167
-0.0052250344
-0.019554054
-0.009628268
0.015284727
0.01372375
0.0020958474
-0.0038550375
-0.028199468
-0.015797872
0.0031028988
0.0026670666
-0.026516635
0.021368176
