-0.3256836
1.3857422
1.0625
-3.3144531
1.3095703
3.4589844
0.9995117
-1.1298828
0.89453125
-1.9042969
1.7373047
-0.9584961
0.23620605
-0.6328125
1.8681641
1.2382812
0.703125
-1.5546875
-0.4033203
2.4003906
0.4580078
0.2064209
-1.4433594
-0.56689453
-0.20239258
-0.5996094
-2.3730469
2.5585938
-2.7929688
0.6357422
3.6015625
2.78125
2.625
-2.0195312
-0.43286133
-1.7109375
-0.07824707
-0.49023438
-0.8076172
4.6992188
-1.2294922
-2.8183594
-1.7744141
-4.2148438
-1.0576172
-1.9873047
2.2832031
1.6279297
-3.6640625
0.89404297
0.96240234
-4.28125
0.859375
-2.5800781
0.8105469
-0.084106445
-4.1484375
0.49731445
0.97753906
2.78125
-1.2480469
-1.2587891
2.21875
3.8496094
-0.18481445
3.6445312
-2.9941406
0.036010742
-2.0761719
-0.43188477
-0.10632324
2.09375
-0.7416992
2.2089844
-6.2421875
3.1660156
-0.9404297
-3.4824219
2.328125
2.6972656
-1.7714844
0.45166016
0.95654297
-0.42651367
-0.7807617
-4.765625
-1.7753906
-0.82373047
0.040374756
-0.80126953
2.3164062
-2.7109375
1.2880859
3.6542969
-2.5
-2.7207031
3.2734375
-2.3242188
0.25048828
-4.15625
-1.203125
-0.9711914
1.4658203
-1.6826172
-2.6953125
0.42797852
-3.7285156
-1.3876953
1.4550781
0.1439209
-0.11834717
0.5498047
-2.0078125
-1.5605469
3.0527344
-0.9663086
4.328125
3.59375
-1.2539062
4.1953125
4.1328125
1.4326172
2.9121094
-0.08050537
-1.2636719
-0.8183594
-0.4597168
-3.3125
2.8964844
2.9023438
-5.25
-2.125
1.4335938
7.2773438
1.9482422
-1.0976562
-1.0546875
0.2668457
-1.5068359
3.8261719
2.0761719
3.53125
1.0839844
-3.2441406
0.7216797
-3.1347656
1.5097656
8.171875
-1.7978516
-1.0029297
-4.0976562
0.5419922
-0.2836914
-1.9042969
-2.3007812
2.0058594
-0.65283203
-1.7275391
0.40161133
3.8652344
-1.7216797
1.0556641
-1.1357422
4.0585938
-0.7421875
0.05847168
4.9257812
0.050750732
0.51220703
-1.6826172
-2.5175781
2.7128906
0.24389648
3.53125
0.021575928
-2.9433594
-3.5878906
-0.030685425
-2.0839844
2.6113281
1.2998047
-0.22351074
3.328125
-4.1679688
1.9072266
-1.8320312
2.234375
0.24914551
0.27075195
-0.09020996
1.7060547
-1.6767578
0.45996094
0.86083984
-3.9746094
-1.7988281
-0.6845703
2.328125
-1.5029297
-1.1416016
1.1015625
-1.9130859
3.1679688
2.5625
0.20202637
3.1796875
2.3535156
-0.96972656
0.1496582
1.2978516
-0.36547852
0.5864258
1.8769531
-0.06939697
9.0859375
-1.2402344
-0.99609375
-4.1171875
-2.078125
-0.39282227
0.0713501
-5.0742188
2.0742188
3.4746094
-2.2753906
-1.0898438
-0.36450195
3.0644531
2.8359375
-0.41503906
-2.5820312
6.7773438
-1.6445312
4.3320312
-0.7993164
2.9316406
3.3027344
-0.6489258
1.2744141
-0.72021484
-2.4335938
-0.008682251
0.6142578
-0.96777344
1.2148438
6.7851562
-4.6914062
1.2011719
-3.9277344
0.33129883
-1.0361328
-0.23144531
-3.6855469
-0.3413086
-1.0146484
0.7583008
0.9946289
-1.3554688
-1.4394531
-0.73876953
0.5708008
2.4296875
5.140625
-4.296875
0.75
-0.64697266
-0.97558594
1.5
-2.9609375
0.3232422
1.4052734
-4.5078125
0.328125
0.46240234
0.15283203
-3.2480469
-0.2824707
-1.53125
1.2382812
3.2519531
-2.5332031
-3.6289062
1.2792969
-0.55322266
-2.4394531
3.1660156
0.46777344
-0.91503906
1.5107422
1.8173828
-2.125
-1.3251953
-4.7421875
3.1660156
-1.7851562
-4.0234375
0.10534668
-4.5703125
3.9785156
-3.9238281
-2.6230469
-3.9941406
1.5185547
3.0058594
-0.07861328
-3.328125
0.53466797
-1.859375
-3.4335938
3.1933594
1.90625
-2.1660156
1.2392578
-1.2929688
-0.17980957
1.5039062
3.2167969
7.0390625
1.7841797
0.15466309
-2.53125
3.2519531
-0.8066406
2.296875
0.6611328
-1.2558594
-1.3603516
0.75683594
0.111572266
18.875
1.2744141
1.5771484
0.44384766
-11.7890625
5.6835938
-1.2832031
0.4543457
-1.4628906
0.81689453
0.44604492
4.3828125
2.0859375
-2.8359375
-0.4416504
-0.48632812
0.18078613
-1.8134766
0.5756836
3.2832031
-1.9121094
-0.30566406
-3.1601562
-1.8779297
3.1425781
3.2675781
-0.73876953
0.8491211
2.7207031
-0.06573486
-4.609375
3.8847656
2.4492188
-2.8730469
-0.19470215
-1.5058594
6.8984375
0.61328125
2.6054688
-3.8398438
-2.0664062
-3.4433594
-4.1171875
-2.7617188
-0.7631836
0.4958496
3.9492188
-4.8789062
0.20019531
-0.16491699
-0.58203125
1.6113281
-6.8554688
1.5986328
-2.0644531
2.8359375
-0.4140625
1.2060547
3.1992188
-2.8164062
2.5898438
-1.6289062
-0.8413086
-2.4941406
1.3378906
-1.4882812
0.4909668
4.4257812
1.3007812
-1.0820312
-1.1767578
-2.0429688
-1.8710938
-3.7480469
1.7539062
-8.2265625
0.2166748
5.3007812
2.7910156
0.31567383
5.3632812
-3.3828125
-0.46118164
-0.73095703
2.1191406
-0.16394043
-0.45581055
6.0625
2.6757812
-1.0166016
-1.9326172
1.9804688
-1.53125
-1.9130859
-4.2734375
1.5029297
-25.890625
1.6025391
1.9169922
-1
3.3652344
-3.296875
1.4970703
-0.23547363
1.6699219
-1.4208984
-2.1953125
0.77197266
1.5283203
-1.4160156
-3.3203125
1.2724609
-0.87841797
3.2050781
0.16101074
0.46313477
-4.6445312
-0.6328125
1.4179688
0.42089844
-0.75927734
-0.8461914
0.8457031
-4.0625
2.3476562
1.2324219
1.7402344
4.6054688
1.9072266
2.1132812
-0.9160156
-0.6118164
0.75146484
-2.8925781
-4.7070312
1.0322266
-1.4462891
5.203125
-2.9160156
-8.5703125
-0.9082031
1.2314453
3.8144531
0.27148438
1.8193359
0.90722656
-0.74072266
0.9169922
0.33129883
-6.0390625
-2.0605469
-0.02822876
-0.95214844
-2.8496094
-1.6025391
-2.1464844
1.0537109
-2.4804688
-3.8007812
-1.90625
-4.2070312
0.5761719
4.328125
1.4560547
2.7207031
1.6347656
3.421875
-0.5078125
-0.16259766
-1.1269531
1.6367188
-3.8789062
-0.5097656
-1.2978516
-0.44384766
2.2441406
1.1201172
0.5449219
-0.42919922
-0.95214844
0.6040039
-0.101501465
-7.703125
4.9921875
1.3935547
-0.6152344
-6.265625
-0.90966797
0.8017578
0.7441406
1.7392578
-1.2197266
1.3847656
3.1113281
-3.2519531
-12.40625
-3.3320312
1.8525391
0.6855469
-1.1826172
0.1262207
-1.3554688
2.8925781
-2.9941406
-0.69873047
1.9970703
-3.0976562
-2.9023438
-0.7402344
-0.6489258
0.7788086
0.5288086
4.359375
-1.2070312
1.0097656
-0.10131836
4.25
11.7890625
-0.81103516
0.32250977
0.85253906
-1.6953125
0.026748657
1.7216797
-2.5742188
-3.0917969
-2.4355469
0.8798828
4.4921875
0.5751953
-1.1699219
2.390625
0.6513672
1.5097656
1.9931641
0.02368164
2.4277344
-1.5068359
-3.5390625
-0.9086914
4.9296875
-0.64501953
3.3144531
1.6982422
4.6796875
3.6210938
-0.39160156
3.4667969
-1.2294922
6.765625
-2.3085938
-1.921875
-1.6826172
-3.4863281
-2.6445312
-6.9375
1.9707031
-0.38793945
0.16845703
-5.6640625
0.12683105
-2.9179688
1.7519531
-2.3984375
1.1230469
-0.40698242
0.2993164
-3.2675781
3.5625
-0.5649414
-0.96972656
5.7734375
-3.7421875
0.8520508
5.671875
6.0898438
-1.2685547
1.1523438
-0.70214844
-0.5292969
-4.7773438
-1.2255859
-0.1932373
0.9248047
-1.3701172
-1.6162109
0.41967773
-0.01977539
-0.19238281
-1.2402344
2.3144531
4.9921875
-0.7421875
-5.0546875
1.1728516
1.2744141
-0.53515625
0.17260742
-3.0058594
-1.1201172
-0.5991211
3.1113281
-1.3955078
-1.6464844
-2.0195312
-1.46875
1.5800781
-2.9746094
-0.57373047
5.640625
-1.3740234
4.6523438
0.54052734
-0.9658203
1.3828125
1.0615234
3.5761719
-1.1679688
-1.5966797
-2.8769531
-0.5961914
-2.3945312
1.7890625
2.0488281
0.94189453
-2.0136719
5.03125
0.6064453
-1.3349609
4.90625
0.9584961
-0.9946289
-2.1425781
-0.5493164
-0.34936523
1.8769531
1.6572266
0.83496094
-0.30249023
4.4453125
2.6972656
0.89208984
-3.1660156
0.43432617
-1.0976562
1.6318359
-0.5644531
-1.4482422
4.1953125
-0.77783203
3.3828125
0.83203125
1.3222656
-2.4472656
-5.7617188
-1.6025391
0.9291992
3.2167969
1.0771484
0.44726562
-2.0097656
-2.1699219
2.1523438
-4.4335938
-2.78125
0.48168945
1.7949219
-0.49682617
-3.9902344
0.3227539
3.1464844
-1.1259766
1.2314453
-1.7050781
0.55859375
-3.8261719
-0.0035419464
2.921875
-1.8837891
2.7675781
2.1601562
-1.1875
8.046875
-1.4296875
1.2392578
-0.7089844
5.5546875
-1.2480469
1.8710938
3.5449219
-4.7304688
-0.73779297
2.390625
-1.6503906
-0.73046875
2.1367188
3.2246094
1.6308594
0.9868164
-0.18701172
-3.5820312
0.42773438
5.84375
-0.70654297
-3.5195312
4.0820312
9.3828125
-0.5307617
0.7949219
-2.6113281
1.2929688
6.8984375
1.6953125
-1.1552734
1.0292969
-0.4326172
-1.2607422
2.4785156
-2.0683594
1.0966797
-1.5458984
-1.9316406
-1.5703125
3.4160156
-0.59472656
1.2441406
0.5185547
-1.8837891
2.9238281
1.6757812
0.083984375
-6.7304688
-0.06311035
1.8515625
-3.2832031
-0.5024414
-1.9746094
-0.83154297
-0.2076416
0.5551758
0.5991211
-0.52490234
4.6289062
-1.3349609
-1.3378906
-2.6113281
4.5898438
3.046875
-1.7949219
0.40454102
1.7841797
0.37036133
0.26049805
11.1171875
14.7734375
-1.9638672
0.33203125
-2.4140625
2.7988281
0.70166016
0.20275879
-0.37841797
-4.84375
2.2753906
-1.9921875
-2.8867188
1.9736328
-3.4980469
1.9951172
1.5126953
-1.9355469
1.890625
1.1767578
0.7792969
2.2441406
-2.7519531
-1.0625
1.8417969
0.63183594
-1.2285156
1.3242188
1.8222656
-1.4150391
-5.8359375
2.59375
0.72802734
1.8945312
-1.8242188
-2.1542969
-2.4003906
-2.1308594
-1.6728516
1.7763672
-1.046875
-0.008125305
3.1972656
-1.8427734
0.61816406
1.8105469
1.0009766
-1.8173828
1.7753906
-2.7617188
-3.2617188
2.1308594
7.8203125
1.5107422
2.1523438
-1.5058594
1.1503906
0.72314453
-0.98046875
1.9326172
1.5126953
-4.8789062
-1.3515625
2.0546875
-0.69677734
-2.4355469
1.6367188
5.2695312
-3.5078125
-0.064575195
0.2578125
0.3708496
-3.9589844
1.3583984
3.9160156
3.6601562
1.609375
1.9863281
3.3847656
-1.6572266
-4.96875
2.6308594
3.6445312
7.0507812
2.2597656
3.9023438
-3.5976562
1.9951172
-1.3867188
0.18981934
0.21435547
-0.074035645
-6.2148438
-0.5722656
0.98046875
0.4580078
-1.8457031
0.6333008
2.0507812
-1.7041016
-0.35058594
0.54541016
0.8496094
-2.234375
-4.0117188
5.0429688
2.3652344
-5.8945312
2.0488281
-4.9101562
3.3339844
-2.0878906
-4.0859375
0.015701294
-2.5214844
1.8339844
0.12109375
1.1181641
2.0371094
-9.4296875
0.64501953
0.73535156
-1.8554688
3.1035156
1.7246094
-1.4736328
-0.9291992
2.3398438
-6.8671875
-3.0195312
-5.296875
-1.3251953
-1.2587891
3.4882812
-5.3359375
-2.1660156
-0.9375
1.9423828
-2.9042969
-1.7714844
-0.5058594
-2.4453125
1.8876953
0.1697998
0.8769531
2.0625
1.8007812
1.4482422
-2.078125
0.7392578
1.9267578
-2.2636719
1.4482422
2.8105469
-1.2597656
-0.0030155182
0.59228516
-2.6660156
-1.5576172
1.9189453
-3.0371094
3.0878906
-0.5078125
2.0898438
2.1386719
-2.8847656
-0.9008789
3.0917969
-1.4492188
-0.46142578
-2.7871094
-3.1992188
-0.17883301
1.4384766
-4.5703125
3.0507812
-3.8632812
-1.90625
8.375
-0.57421875
-3.2050781
4.0859375
-2.9316406
-1.9072266
-0.6435547
-0.37646484
-1.2324219
-1.4199219
2.4707031
-1.7167969
-2.390625
1.7470703
-0.09240723
-0.20703125
0.62060547
1
-3.8085938
-0.7451172
0.45507812
1.8447266
0.6713867
1.2597656
1.8583984
0.7026367
5.2890625
1.5810547
0.94677734
3.5507812
1.5712891
-1.3027344
-1.8613281
-1.5361328
2.6738281
-0.71875
1.90625
-0.9145508
-1.7568359
-2.7363281
1.3125
0.83154297
1.4394531
2.1113281
-1.4121094
0.0703125
-1.3076172
5.4414062
2.3808594
1.8066406
2.9746094
0.8364258
-1.6738281
3.3964844
1.421875
7.0234375
-0.06829834
0.3696289
-2.6972656
-1.2705078
-1.34375
1.0927734
-1.0273438
0.048187256
