-0.009705862
-0.0109156575
0.03519406
-0.0019195197
-0.011472438
-0.0069391415
-0.0038527872
-0.004973223
-0.010152661
-0.029172577
0.028004024
0.048391834
0.010056428
-0.00669512
0.004038381
0.024223411
0.024979534
-0.0037187473
0.041133057
-0.030519849
-0.0034541045
0.0074993595
-0.017734507
0.01211858
0.023247326
0.014943728
0.023137346
-0.020497791
0.005884007
-0.0058324533
0.025185749
0.00018763434
-0.014545045
-0.018518124
-0.03062983
-0.016538458
-0.01324589
0.00016282409
0.00079521735
-0.018985545
-0.020429052
0.0068841507
0.010063302
0.020827735
-0.033186898
-0.004292713
-0.004021196
0.010104544
0.002122298
-0.0018181306
0.016607197
0.005712161
-0.025928125
0.013080917
-0.00083001616
-3.4879366E-05
-0.0071006767
0.0057740253
-0.019796658
-0.009114712
-0.0122973
0.00044808845
0.009039099
-0.013355871
-0.011685528
-0.008537309
0.0053650322
-0.02003037
-0.024635842
-0.01294344
0.015562373
0.016937142
0.0025450392
-0.0060867853
0.029639998
-0.0077880607
-0.005842764
-0.007774313
-0.014435064
-0.01342461
0.0011161397
-0.012249183
-0.02429215
0.024140926
0.012881576
-0.012056715
0.014057003
0.01208421
-0.016937142
0.009320927
0.009602754
0.023316065
0.026711741
0.029612502
-0.011768014
0.010963774
-0.0102214
0.01849063
-0.003904341
-0.014847494
0.0048735524
0.00998769
-0.0076643317
-0.011609916
-0.0046192203
-0.002173852
-0.016222263
0.0023714749
0.015631111
-0.024182169
-0.01528742
0.02856768
0.019837903
-0.024195917
0.00020847068
-0.0139607685
0.04437751
-0.0068875877
-0.017926974
-0.01854562
-0.008138627
-0.006691683
0.0155211305
-0.024223411
0.008894749
0.0060867853
-0.023852225
-0.008729776
-0.002335387
0.0050900783
0.027206657
0.008881001
0.010970648
-0.0130946655
0.010448237
0.022381222
-0.039675806
0.014015759
0.00026507245
-0.045064893
0.015864823
0.029639998
-0.029062595
0.0032341417
0.007678079
0.016442224
0.02216126
0.0009941291
-0.0036225137
-0.010056428
0.013108413
0.0047910665
0.017803246
-0.0068497816
0.017143358
0.027577845
0.0009984253
-0.002271804
-0.022147512
-0.014242596
0.00095030834
0.013548339
0.020346567
-0.011877995
-0.01582358
0.03519406
0.006512963
-0.0012321358
0.015741093
0.0066676247
0.009760853
0.019068033
-0.0045882883
0.009231567
-0.0017648584
0.011843626
0.0078018084
-0.0043202084
-0.004684522
-0.021721333
-0.018091947
0.018573115
0.026972948
0.015301168
0.0017296299
-0.0056502963
0.00086395576
-0.011754266
0.012558506
0.00013693978
-0.0063204956
0.0045745405
-0.03186712
-0.023549775
-0.6546095
-0.040500663
-0.021927549
-0.009747105
0.017720759
0.008131753
-0.017033376
0.009781474
-0.007987402
-0.009252189
-0.0033853662
0.027825303
0.005952745
-0.027399126
-0.0195492
-0.014668775
0.00095460453
0.0057293456
0.016552206
-0.007870547
-0.025020778
0.013074043
-0.009327801
-0.0028715467
0.028457697
0.0017459553
0.008640417
-0.02873265
-0.031894617
-0.0027821867
-0.028677661
0.02364601
0.0148337465
-0.004767008
0.062194504
0.003907778
0.0062070773
0.00022769594
0.004780756
0.020044116
-0.029310053
-0.008042392
0.014421316
0.011719897
-0.016098533
-0.004344267
-0.0015474732
0.015534878
0.003246171
-0.008392959
0.018504377
0.00438551
0.0045779776
0.016744673
0.029365044
-0.021487623
0.018435638
-0.016744673
-0.016194766
0.028430201
-0.0020432489
0.045174874
-0.020731501
0.0130328005
0.013204646
0.0068910243
-0.009025352
-0.015906066
0.028237734
-0.0014323364
0.0029420035
0.0097333575
-0.026038105
0.013053422
-0.0152049335
0.014476307
0.0017682953
0.005897755
0.021075193
-0.012166697
-0.0027117298
-0.0027546913
-0.022243746
0.013321502
0.01700588
-0.0033338123
-0.039675806
-0.014063876
0.0038562242
0.005193186
-0.01895805
0.03425922
0.017033376
-0.005540315
-0.008777893
0.029585008
-0.023426047
-0.01009767
0.013410862
-0.021226417
0.014256344
0.020497791
0.020126604
-0.00033359605
0.00022576268
0.016029794
-0.000967493
0.013665194
0.014063876
-0.0034901921
-0.013644572
0.00040748983
0.010207652
0.012984684
-0.026024358
-0.024319645
0.03175714
0.022408718
0.0076024667
-0.01297781
0.003653446
0.010516975
0.028595174
-0.01795447
-0.00016228706
0.019411724
0.01641473
0.001281112
-0.035001595
0.007980528
0.017583283
0.023274822
0.017335825
-0.024663338
-0.00079006195
-0.0025690976
0.02755035
-0.017995713
0.0058736964
-0.0302174
-0.004124304
-0.010406993
-0.0041346145
-0.014668775
-0.006571391
-0.016483469
0.01075756
-0.008777893
-0.008688534
0.030052427
-0.006444225
0.0060386686
-0.008399832
0.0071006767
-0.016552206
0.0046982695
-0.013933273
-0.01664844
0.011768014
-0.008791641
0.02091022
0.02110269
0.0018765583
0.0030691696
-0.0045298603
-0.002914508
0.03835603
0.005502509
0.004938854
-0.023865972
0.01306717
-0.01849063
0.0038940303
-0.020374062
-0.025130758
0.022559943
0.0031172864
-0.0007707293
0.005705287
0.011877995
-0.0028646728
0.023151092
0.001501934
0.00032586296
0.009073469
0.0029712173
-0.004368325
-0.00026270957
-0.013362745
0.018201929
-7.786772E-05
-0.009080343
-0.00043799248
0.002813119
0.00055721065
-0.006530148
0.0018112569
0.0038562242
-0.009080343
0.019164266
-0.0081455
0.03175714
0.007843051
-0.0030193343
0.022504952
-0.03128972
-0.0047120173
-0.014984971
0.016153524
0.009520268
0.003869972
-0.0135277165
-0.002526136
-0.0071144244
0.004997282
0.03093228
0.0052138073
0.01546614
0.0040280703
0.0031361894
0.018078199
-0.0054268967
0.0058324533
0.0026069037
-0.012895323
-0.015438644
0.027110424
0.0011797227
0.002017472
-0.014050129
0.01099127
-0.01108063
0.033736806
-0.0065576434
-0.0015646578
0.0030571404
0.0036190767
-0.0090528475
0.009589007
0.009870834
0.008379211
0.023687253
0.0122216875
-0.0029488774
0.017968217
-0.002428184
0.011424322
0.0069528893
-0.0074993595
0.02067651
0.017294582
0.00334756
0.010468858
0.0025158254
0.013940147
-0.011355584
0.012194192
-0.016524712
-0.0022254058
0.025969367
0.0033131908
-0.003997138
0.021020202
-0.008008024
0.030492354
0.007808682
-0.010104544
0.022559943
0.0109156575
-0.021226417
0.014146362
-0.0091765765
-0.0074581164
0.009843338
0.008042392
-0.0053444104
0.012895323
0.008475444
-0.002507233
-0.0107919285
-0.00959588
-0.060819734
0.014366325
0.011176864
-0.007128172
-0.011898617
-0.0038837194
-0.004677648
-0.013816418
0.025845638
-0.0035176876
0.026478032
0.0022735226
0.008379211
0.011458691
0.0003462697
0.009698988
-0.018229423
0.012915946
-0.005444081
-0.00945153
0.0069838213
-0.0038493504
0.0016522993
0.025914377
0.014696269
-0.030712316
-0.031262223
-0.018339405
-0.008262356
0.0048426203
-0.023618514
-0.0028199928
0.0041449256
-0.0066676247
0.002708293
-0.018270666
0.0055300044
0.031509683
-0.0017734506
-0.0037118734
-0.014490055
-0.03714623
-0.037311204
0.0995332
0.063019365
-0.008867254
0.00086266693
0.015576121
-0.012276678
0.0032685108
-0.026794229
0.026340555
-0.01831191
0.0075887195
-0.016497215
0.02074525
0.00998769
-0.00028010897
-0.009829591
-0.013074043
-0.022175008
0.011987977
-0.03164716
-0.0114037
0.003869972
-0.01806445
0.02097896
-0.03128972
0.004993845
-0.006145213
0.0028852944
0.032032095
-0.010159535
-0.00020696703
-0.012194192
-0.0081455
0.008028645
-0.020057864
0.003156811
0.006055853
-0.0010216244
0.02233998
0.0017382223
0.0058187055
-0.014819999
0.023371056
-0.010393246
0.02629931
-0.016277254
-0.002685953
0.01116999
-0.010922532
-0.016840909
0.038823448
-0.0023250764
0.0011178582
0.00029321224
0.0074443687
0.029530017
-0.019219257
-0.021075193
0.0057774624
0.02416842
-0.0034592599
-0.010283264
-0.011314341
-0.005591869
0.011149368
-0.021047698
-0.020827735
-0.009162828
-0.033021927
-0.0119742295
-0.022738662
-0.019604191
-0.04333269
0.026752984
0.017748255
0.009870834
0.021597605
-0.011678654
-0.009204072
-0.023577271
0.013163404
-0.030409867
-0.009004731
-0.008523561
-0.0022958624
0.008008024
0.0058908807
0.01090191
-0.037833616
-0.015039962
0.004632968
0.0046226573
0.024017196
-0.024965787
-0.0041827317
-0.023206083
0.020044116
0.0073618824
-0.0053444104
0.015122448
0.00018076051
-0.022477457
-0.0036671937
0.010895036
0.012902197
-0.0061761453
-0.0047704447
0.01324589
-0.008564805
0.009973941
0.022326233
0.0045779776
0.0025897191
0.021611353
-9.431392E-06
0.013754554
-0.00497666
0.0029248188
-0.0245946
0.00941716
0.0137133105
-0.026038105
0.0060317945
0.005543752
-0.041627973
0.000105470484
-0.008255482
-0.0408856
-0.032032095
0.010482606
0.0068807136
0.006131465
-0.019123023
-0.027770313
-0.032801963
-0.013630824
-0.010028932
-0.010049554
-0.016552206
-0.009753979
0.0012768158
-0.01365832
-0.0056434227
0.00086094846
-0.015892318
-0.025914377
-0.012372912
0.006440788
0.014050129
-0.004237722
-0.015026214
-0.011211233
-0.042507827
0.02352228
-0.00800115
-0.04212289
-0.008124879
-0.013768301
0.024924543
0.023536028
0.018091947
0.006042105
0.025570685
0.015479888
0.00073593046
-0.002558787
-0.016043542
-0.020099107
-0.042672798
0.024539609
-0.0012768158
-0.009994564
0.008076762
0.01324589
-0.018201929
0.023989702
-0.0021515118
0.0057980837
-0.019824155
-0.017981965
-0.0025570684
-0.021130184
0.02031907
-0.00235429
-0.0019023352
-0.01027639
0.0183669
0.009190324
0.0029316926
-0.017253337
0.0005262784
0.011156242
0.036651313
0.007980528
0.0052997307
-0.018449387
-0.0245946
0.0139607685
-0.0152049335
-0.0074993595
0.010640704
0.007829304
-0.00070542784
-0.022175008
-0.00011202211
-0.0077536916
-0.018298162
0.0004152229
0.012049842
0.015067457
-0.016689682
-0.022766158
-0.018146938
-0.037888605
-0.0057808994
0.0019109275
-0.030354878
0.01872434
-0.01276472
-0.019631688
-0.02352228
-0.0010336536
0.005839327
0.0020638704
0.009650871
0.00434083
-0.007836178
0.0014701425
0.008509814
0.025433207
-0.028870128
0.02097896
-0.007121298
0.0017734506
0.006815412
0.005801521
0.03266449
-0.03453417
-0.023852225
0.0055265673
-0.0018799952
-0.009259062
-0.029832466
-0.010523849
-0.003825292
0.017088367
-0.0069528893
-0.009540889
-0.024099683
-0.0058908807
-0.017638274
0.018229423
0.012510389
0.007925537
-0.00438551
0.00068008056
-0.019081779
-0.018696845
-0.004083061
0.00087082956
-0.02091022
0.011451817
-0.0043992577
0.013321502
-0.010077049
0.02565317
-0.003643135
-0.00021437788
-0.027110424
0.022065027
0.009382792
-0.010936279
-0.010187031
0.009238441
0.028870128
0.010860667
0.0033613078
0.008200491
0.00031898913
0.0021996289
0.0426453
0.022243746
0.011286845
-0.018408144
-0.02837521
-0.006602323
0.012173571
0.0018078199
-0.018078199
-0.018820575
-0.0026807976
-0.0057808994
-0.026643004
0.009355296
0.0130328005
-0.010448237
0.0043030237
0.024979534
-0.01854562
0.013947021
-0.01099127
0.013685815
-0.032499515
0.00012265508
0.0058324533
-0.016552206
0.03898842
-0.016607197
-0.033186898
-0.026464283
0.011836752
0.008008024
0.0004837465
-0.018806826
0.009479025
-0.013672068
0.021845063
-0.024360888
0.008372337
0.016978385
2.479684E-05
0.0024797379
0.0022803964
-0.0021566672
-0.0017837614
0.028705155
-0.0067398
0.014792504
-0.0010568529
0.010111419
0.015548626
0.0061245915
-0.0074374946
-0.014971224
-0.013672068
0.006347991
-0.0077536916
0.012586001
0.0031293156
-0.009190324
-0.002596593
0.0094240345
0.0051656906
-0.012290426
0.023082355
0.008021771
-0.002914508
0.01356896
-0.031592168
-0.02588688
-0.010661325
0.045009904
0.013864535
-0.029172577
-0.029969942
-0.00046956918
-0.01564486
0.027522855
-0.0045195497
0.013149655
0.0075749718
-0.01176114
-0.015438644
0.032499515
-0.0073687565
0.018325657
0.011451817
-0.02980497
-0.014057003
-0.011740519
0.0062930007
0.019026788
-0.00080939464
-0.008743525
0.009946446
0.008372337
0.022601185
-0.0026670499
-0.020511538
-0.012372912
-0.001128169
0.023632262
0.03453417
-0.01854562
-0.02097896
-0.0030433927
-0.0032753847
-0.00425147
0.010393246
-0.0037977966
0.002380067
-0.008482318
-0.0030588587
0.009458404
-0.005368469
-0.0076712053
0.0044783065
-0.004364888
0.01919176
-0.0013953896
-0.0042342856
0.01996163
0.0013266511
-0.0053822165
-0.0052756723
0.027234154
-0.01270973
0.033186898
-0.0020329382
-0.016607197
-0.020539034
-0.004127741
0.0004300446
-0.011774887
-0.0072450275
-0.030739812
-0.0013816418
-0.0038390395
0.024360888
0.016730927
0.013239016
0.011073756
-0.012812838
-0.031592168
-0.01048948
-0.012860955
0.0017682953
-0.021308905
-0.023247326
-0.0119742295
-0.007162541
-0.03667881
-0.024993282
0.014201353
-0.00041500808
0.005279109
0.24525861
-0.0009949884
-0.007829304
0.0063926713
-0.0059871147
0.0021308903
0.018971799
-0.0020879288
-0.013080917
0.008200491
0.019755416
-0.012448524
-0.033104412
-0.0006701994
0.012744099
-0.0108537935
-0.01389203
0.003220394
0.0022666487
-0.041050572
0.009918951
0.0069769477
-0.018243171
-0.011465565
0.023439795
0.025213245
-0.002536447
-0.013273384
0.032197066
0.009314053
-0.009107837
-0.010022058
0.013617077
-0.012510389
0.0009193761
-0.0047841924
0.02203753
0.02629931
0.007953033
0.014723765
0.011005018
0.01081255
-0.003411143
-0.00479794
-0.009025352
0.009527142
0.003990264
-0.0060489792
-0.0021068319
0.015369906
-0.01623601
0.009822717
0.039208382
0.059829902
0.0024109993
-0.017377067
0.010028932
0.010303886
-0.00420679
-0.0061039696
-0.0077536916
0.020401556
-0.03359933
0.0075749718
-0.006227699
0.05350597
-0.0036156399
-0.030189905
-0.015136195
-0.011932986
-0.009973941
-0.019796658
-0.0064098556
-0.0017571254
-0.041435506
-0.020181594
0.030959776
0.011843626
0.0008459119
0.008138627
-0.007918663
-0.00018731214
-0.0028921682
-0.0030880726
-0.0025055145
-0.01664844
0.023384804
-0.0007642851
0.0024866115
-0.009967068
0.004330519
0.0032083648
-0.0009314053
-0.015562373
0.018586863
0.015411149
0.017858235
0.041930422
0.0024659901
-0.012173571
-0.005124448
-0.04759447
0.008014897
-0.00041200078
0.00015358736
0.001158242
-0.0031396265
0.0080561405
0.03412174
-0.0081455
-0.02019534
-0.027206657
0.014696269
-0.010867541
0.03269198
-0.0027924974
0.008104257
-0.0037531166
0.00323586
-0.002218532
-0.017335825
-0.010379498
-0.001976229
0.0052619246
-0.0055093826
0.00737563
-0.019356733
0.013410862
-0.016112281
-0.033186898
0.033021927
-0.00025884304
-0.010984397
0.0036396983
-0.015672356
0.0025983115
0.008069888
-0.003653446
0.013410862
-0.010331381
0.015864823
0.0031963356
-0.019164266
0.011087504
-0.013754554
-0.011245602
0.056805413
-0.0052722353
0.0050041554
-0.005052272
-0.030079924
-0.00086266693
-0.02275241
-0.022532446
-0.006457973
-0.016950889
-0.0016411293
-0.036238883
-0.0034678522
0.020511538
-0.032444526
0.02257369
0.0149574755
-0.0006487186
-0.0073618824
-0.0011307467
-0.17773001
0.025391964
0.0041036825
-0.0056743547
0.0062930007
0.01849063
0.0069838213
-0.0016076193
-0.032719478
0.0065404586
0.022587437
0.017652022
-0.0021875997
0.016524712
-0.01748705
-0.001266505
-0.021487623
0.015218682
0.01587857
0.022999868
0.030767307
0.033159405
0.013259637
-0.010145788
0.014297587
0.015094953
-0.01883432
0.033791795
-0.014118867
-0.008372337
-0.0072587747
-0.021143932
0.0035434645
0.0102214
0.030712316
0.0006646144
-0.012063589
-0.010716316
-0.023343561
0.03365432
0.023769738
0.019233003
0.026285565
-0.021693839
-0.025048273
0.02008536
0.0018318783
0.016387234
0.0077536916
-0.0204428
-0.013170278
-0.032719478
0.031069756
0.007210658
0.013940147
0.0065542064
-0.003650009
0.029832466
-0.014036381
-0.024209663
-0.013809544
-0.03868597
-0.007891168
-0.005670918
0.0071900366
-0.023082355
-0.03692627
-0.02607935
-0.018325657
0.019769164
-0.00048804263
-0.028320221
0.026917957
-0.015961057
-0.001995132
0.028402707
-0.017074618
-0.0056159273
0.011823005
-0.01365832
-0.0012527573
0.02878764
-0.02701419
0.005533441
-0.01004268
0.002364601
0.01997538
-0.011630537
0.015988551
0.0058908807
-0.009011604
-0.045174874
-0.008076762
-0.026120592
-0.020923968
-0.00165144
0.011183738
0.01312216
0.00057783216
-0.008942866
-0.0028887312
-0.015754841
0.012716603
0.009492773
-0.009650871
0.01253101
-0.030602336
0.010943153
0.010922532
0.0059389975
-0.019521706
-0.003814981
0.023714747
0.015589869
-0.027412873
0.023343561
-0.0017717322
-0.025831891
0.021570109
-0.0343692
0.051663782
0.018971799
-0.021652596
0.022986121
0.015163691
-0.014242596
-0.116470344
-0.042150386
-0.0056502963
0.0041414886
0.009162828
0.041627973
0.008138627
0.00877102
-0.01297781
0.03684378
-0.00082915695
-0.028237734
-0.0069322675
0.0033338123
0.024058439
-0.009980815
0.017665768
-0.03299443
-0.009939573
0.02826523
0.0042136637
-0.0005700991
-0.008812263
-0.020731501
0.0013438357
0.0017803245
-0.01324589
0.016717179
0.010338255
0.006045542
-0.0075818454
-0.023508532
0.0044061313
-0.009238441
0.0072450275
0.018078199
-0.040858105
-0.011011891
-0.0058152685
-0.035991427
0.008124879
0.00064828905
0.008420454
-0.035359032
0.011273097
0.0008785627
-0.028897623
0.018160686
0.028059015
0.009561512
-0.009760853
0.0130328005
-0.008963487
-0.0004923388
0.028237734
-0.004220538
0.034149237
0.03145469
-0.0024556792
0.0016583139
0.004024633
0.00018258637
0.006997569
0.0062139514
0.014943728
-0.009534016
-0.009932699
-0.022257494
0.0038562242
-0.016208515
-0.020965211
0.037998587
-0.018930554
-0.0018078199
-0.017926974
-0.015369906
-0.018930554
-0.027275397
0.004904485
-0.029530017
-0.0064098556
-0.013953895
-0.0050866418
-0.025144506
0.0030777617
0.021721333
0.0022288426
0.0135277165
-0.0051107
-0.024085935
-0.00038772754
0.005279109
-0.006131465
-0.013823292
-0.014256344
0.019425472
-0.016304748
-0.004024633
-0.0032977248
-0.004199916
-0.024690833
-0.020717753
-0.04212289
0.022986121
-0.011685528
-0.029365044
0.0031877432
0.00502134
0.012166697
-0.012434776
-0.019068033
0.007217532
-0.020415304
0.032719478
-0.0030777617
-0.0063926713
-0.00051725644
-0.023343561
-0.00024402131
-0.020057864
0.02862267
0.021900054
0.011926113
0.0020002874
0.018284414
0.0075818454
-0.030409867
0.015039962
-0.034039255
0.02642304
-0.008963487
-0.002246027
-0.00024165843
-0.046659626
-0.0028835759
0.012276678
0.0005963056
-0.002144638
0.013294007
0.012792216
0.0153974015
-0.0071694152
-0.046824597
-0.0068944613
0.0076918267
-0.0153974015
-0.0053994013
-0.00020675221
-0.025831891
0.006482031
0.035111573
-0.015383653
-0.0052241185
0.023206083
0.0071694152
-0.015479888
-0.015727345
0.0031052572
-0.0007874843
0.0032564816
0.00018441223
-0.020071613
0.019480463
-0.00051725644
0.013857661
-0.026120592
0.02559818
-0.01931549
-0.0017287708
0.014352578
0.0046260944
-0.029612502
-0.0075406022
0.01664844
0.016497215
0.02933755
0.017102113
0.003306317
-0.01700588
0.0004384221
-0.027797809
0.03186712
-0.01125935
-0.010345129
-0.022587437
0.005499072
0.03698126
0.018861817
-0.0150812045
0.0050041554
0.00963025
0.01528742
0.029530017
-0.019947883
-0.013520843
-0.013019052
0.0075268545
0.0047360756
-0.010070176
0.006915083
0.010771307
0.01806445
0.012991558
0.01161679
-0.007884295
-0.003859661
-0.017720759
0.014558793
-0.010551345
-0.021913802
0.0063308068
-0.0026309623
0.019150518
-0.0069872583
-0.014215101
0.021886306
-0.006433914
0.011211233
-0.0071075503
-0.0123454165
-0.00809051
0.0153974015
0.025749404
-0.004591725
0.016730927
-0.0054578288
0.038163558
0.0050591463
-0.015177439
-0.012063589
-0.011987977
-0.0052756723
0.002984965
0.0040143225
-0.020992707
0.008331094
0.020140352
0.02144638
-0.009369044
0.02381098
-0.02038781
0.030904785
-0.008124879
-0.006131465
0.012276678
0.01677217
0.020167846
0.008296724
-0.0055231303
-0.0046467157
0.008695408
0.023728495
0.005358158
0.035991427
-0.029392539
-0.007946159
0.013328375
0.018806826
0.009320927
0.0058324533
0.0018971799
-0.006746674
0.016277254
0.0020346567
0.002282115
-0.010482606
-0.01013204
0.025611928
-0.006571391
-0.0059080655
-0.043745115
-0.0020295011
-0.0053134784
-0.031069756
0.0114037
0.014641279
-0.03227955
-0.014057003
-0.02933755
0.0035297167
-0.0090528475
-0.022944877
0.03442419
-0.04319521
-0.0131565295
0.027426621
0.006533585
0.005966493
-0.004890737
-0.008599173
