0.009475656
-0.008972689
-0.013238596
0.013797449
-0.026353003
0.008848499
-0.009972413
-0.03449983
-0.01742378
0.0031776978
0.036213648
0.0033872675
0.013735354
-0.0073085497
-0.012046377
-0.01566029
0.026452355
-0.017858444
0.00312026
-0.037256837
0.010394658
0.010227002
0.011301241
-0.019733705
0.0060728644
0.0118849315
0.013834706
-0.025856245
0.015275303
-0.003924387
0.02073964
0.0020227358
-0.036114294
-0.034400478
-0.030252552
-0.032810856
-0.019174851
-0.002732168
0.016479941
-0.0049551595
0.008165457
0.015126276
0.015983183
-0.0043000598
-0.019659191
0.019994503
0.035890754
-0.019721286
-0.026054949
0.0011021814
0.021385424
-0.016864927
-0.015225627
-0.012903284
-0.013921638
-0.018628418
-0.01484064
-0.007681118
-0.0233352
-0.029904822
0.01083553
-0.013921638
0.008339322
0.02449016
-0.0002120923
-0.013735354
-0.014567424
0.016529616
-0.009860643
0.01672832
0.033680182
0.02496208
0.01424453
-0.02426662
-0.0032009832
0.00020976376
-0.020106273
0.013909219
0.0020925924
-0.01248725
0.030997688
-0.028439386
0.0007028347
0.018566323
0.004958264
0.019944826
0.00036616487
0.010748598
-0.013859543
-0.0069546094
0.007209198
0.03663589
-0.017846026
0.0076190233
-0.025806569
0.021919439
-0.0109100435
0.016057696
0.018032309
-0.018069565
-0.00801022
-0.0055140117
-0.015598196
-0.0083579505
-0.016591711
-0.020826573
-0.0033406965
0.0025738266
0.008618749
-0.020093855
-0.03288537
0.023819538
0.010649246
-0.05360017
0.0048340745
-0.024018241
-0.018938892
-0.035294645
0.009947576
-0.03377953
0.0050948723
0.00801022
0.02568238
-0.012009121
-0.009121716
-0.010761016
-0.031767663
-0.020044178
0.010823111
0.02603011
0.026079787
0.020565774
0.01710089
0.014120341
-6.3647094E-05
0.018814703
-0.027048463
0.0052935756
-0.013573907
-0.01307715
0.008699471
0.014579842
0.0015857441
-0.011245355
-0.0079357065
0.0118849315
0.0153498165
0.018504228
0.011748322
-0.012866028
0.014045828
-0.018466972
-0.0042224415
-0.009891691
0.03300956
0.015734805
0.022950212
0.025856245
0.023148915
0.007923287
0.0060977023
-0.017622484
0.006973238
-0.008867127
-0.010736179
0.033431802
0.0350711
0.006631717
0.00067566824
-0.023273105
-0.007047752
0.022465874
-0.031270906
0.023533903
-0.025272554
0.021112207
0.0057406574
0.005029673
-0.031544123
-0.009866852
-0.008749147
0.013251015
0.014989668
-0.00323824
-0.01849181
0.00090735924
0.04572656
-0.024254201
0.012033958
0.0062529393
0.019373555
0.016691063
-0.0049179024
-0.027396195
-0.65452814
0.0041168807
0.024552256
-0.005464336
0.023968566
0.02814133
0.016057696
-0.018069565
-0.020280138
0.01307715
-0.019162433
-0.01603286
-0.01400857
0.0006799373
0.002373571
-0.035294645
0.019895151
-0.0137105165
0.0034183147
0.008333113
0.02297505
0.0095750075
0.003204088
0.013946476
0.009401142
0.0050017303
0.010258049
-0.047216833
-0.011040443
-0.018069565
-0.023360036
0.05265633
0.004511182
0.023844376
0.018938892
0.011909769
-0.033183422
-0.012418945
0.011363335
0.04900516
0.016542036
-0.017523132
-0.008898174
-0.001648615
-0.01414518
0.0190755
0.0048589124
-0.0157969
-0.0020739639
-0.003781569
-0.0006543232
-0.004073414
0.0017355477
0.024452904
-0.0060387123
0.0146791935
0.0403119
0.01614463
-0.0062032635
-0.0062187873
-0.032835692
-0.00068575866
-0.011381964
0.000611245
0.0005561359
0.023707768
0.0031978786
0.0065758317
0.019299041
-0.025049014
-0.017523132
0.021584127
-0.008345531
0.017225077
0.010674084
0.01436872
0.00483097
-0.02037949
-0.0061318544
0.032487962
-0.012394108
-0.013598746
-0.0024387704
-0.004092043
0.03454951
-0.01438114
-0.04818551
-0.0050451965
-0.003955434
-0.0023238952
0.029830309
0.006020084
-0.00016775279
0.0038064069
0.024999337
0.021211559
-0.027793601
0.009959995
0.005824486
-0.02461435
-0.01400857
0.02190702
-0.0015927298
0.014728869
0.009103088
-0.0028610146
-0.0105498945
-0.0018302421
0.028091656
-0.022552805
-0.006706231
-0.018317945
-0.001003606
-0.0075072525
-0.007904659
-0.02107495
0.0029200045
-0.011121166
0.005408451
0.014927573
0.02814133
0.014592261
0.028985819
-0.009109297
0.006880096
0.019808218
-0.0030674797
-0.008283437
-0.01696428
-0.006985657
-0.008867127
0.0058803707
0.022515548
-0.00441804
-0.001766595
-0.0061566923
0.020230463
-0.014654356
0.016864927
-0.01753555
-0.009463237
0.0050203586
0.001142543
0.0190755
0.0029836518
-0.023297943
-0.035865914
-0.005358775
-0.009481865
-0.01685251
0.001543054
-0.0041417186
0.012779095
0.0033375917
0.01354907
-0.00048433887
-0.011028023
-0.0027771867
-0.022192657
-0.029780632
0.018814703
0.003697741
0.011804208
-0.013573907
0.017386524
-0.015834156
0.0027368253
0.0077059558
-0.011978073
-0.0039368058
-0.011562038
-0.025930759
0.008283437
0.009488074
-0.014319045
-0.0051507577
-0.004709885
-0.013462137
-0.0018876798
0.006774535
0.008264808
-0.011077699
-0.016777996
0.007867402
0.03134542
0.005312204
0.009158973
0.023471808
-0.00848835
-0.0024589512
-0.008811242
0.01721266
-0.021882182
-0.0015655634
0.007047752
-0.0036201228
-0.010071765
0.019969665
0.021658642
-0.010903834
0.0051538623
0.002120535
0.014778545
-0.018616
-0.022801185
-0.0012248185
0.00813441
-0.0012543135
0.012406527
-0.015175952
0.005663039
-0.0148654785
-0.007861192
2.1442085E-05
0.0098792715
0.018802283
-0.010388448
-0.0022649053
-0.0054736505
0.0062156823
0.004654
-0.015163532
0.039144516
0.006408176
-0.009363885
0.012145729
-0.008283437
0.0412309
-0.0011945474
-0.02403066
-0.018938892
0.009525332
0.021161884
0.011742113
0.0090906685
-0.011220518
0.011462687
-0.015461587
0.023061981
0.00042690127
0.0061070165
-0.01706363
0.021720735
0.012549344
-0.011872512
0.0038312448
0.0043932023
-0.007668699
0.011797998
0.0011122718
-0.037728757
0.00067605637
-0.0063057197
0.008103362
0.018690513
-0.025707217
0.0021903915
0.012468621
0.018976148
0.028960982
0.0013047655
0.008674634
-0.0016284343
0.005678563
0.013238596
0.0054550217
-0.0018426611
-0.021695899
-0.008618749
-0.02920936
-0.02675041
-0.026725572
0.00518491
-0.03566721
-0.0105498945
-0.018479392
-0.010065556
-0.028712602
-0.014170017
-0.0021671061
-0.00601077
-0.0022431721
-0.007830145
0.0141948555
-0.00848214
-0.029954497
0.007631442
0.001546935
-0.022999888
0.029979335
0.0003228926
0.03181734
0.0079978015
-0.0169767
-0.014356301
0.010531266
0.020230463
-0.01649236
-0.00777426
-0.0053339372
0.0061101215
0.015883831
0.004092043
-0.013238596
0.009276953
0.015486426
-0.0012892418
-0.0092707435
-0.0024713702
-0.009463237
0.04239828
-0.018119242
-0.03286053
0.008891965
-0.027768763
-0.01921211
-0.031022526
-0.018765027
0.011860093
-0.0055140117
-0.0064640613
-0.010568523
-0.002486894
-0.00859391
0.115247816
-0.014666775
-0.0048495983
0.018740188
-0.025483677
0.037977137
-0.0040641
-0.01733685
-0.00052081957
-0.0028361767
-0.0057934383
0.0013715173
0.0031513076
0.0013854887
0.007376854
0.0030084895
-0.020044178
-0.0078053074
-0.0037505217
0.010978348
-0.024328714
-0.0018892321
0.014579842
0.037604567
0.0056816675
-0.012990218
-0.0028128913
0.018702932
0.00044785824
-0.02650203
0.0014506881
0.0048713316
0.0049613686
0.006867677
0.021273654
0.023720186
-0.018417297
0.005756181
0.012754257
-0.00067217543
0.011369545
0.0056164684
0.009388723
-0.015163532
0.022453453
-0.009109297
0.009984832
0.022428617
-0.0032413448
-0.013561489
0.013462137
-0.005666144
-0.019584678
0.00086156436
-3.1726526E-05
0.017870862
-0.008562863
-0.010320144
0.010158698
0.0011440953
-0.026924275
-0.030178038
0.01023942
0.005206643
0.009214858
-0.0014615547
-0.028662927
-0.014939992
-0.02650203
-0.015858993
0.021261236
0.0031342315
-0.012120891
0.001298556
0.014480491
-0.005383613
0.027247166
0.009984832
-0.006495109
0.012866028
0.0073644347
-0.022130562
-0.026477192
-0.013424881
-0.012866028
0.03449983
0.028340034
0.01414518
-0.0066006696
0.007854983
0.02590592
0.0017479666
0.04299439
0.004442878
0.0072650835
-0.023037145
0.03335729
-0.009904109
-0.0066938116
-0.0032568686
0.030948013
-0.0121891955
0.027197491
0.001449912
-0.0003310425
0.01531256
0.031519283
0.017349267
-0.030600281
-0.019820638
0.0015772061
-0.023223428
0.033332452
-0.010897625
-0.022441035
0.012661115
0.01729959
-0.02355874
-0.0075320904
-0.0029417379
0.01307715
-0.01991999
-0.0013536651
-0.0079915915
-0.005526431
-0.012040168
0.005604049
-0.020193206
-0.0148654785
-0.010941091
-0.016169468
0.009140344
-0.023161333
-0.004023738
0.0037598358
-0.0086622145
0.0034214195
0.0059548845
-0.004650895
-0.021149464
-0.009953785
-0.00394612
-0.0068490487
-0.022689413
-0.023633255
-0.023434551
-0.01201533
-0.02955709
-0.014579842
-0.0010928672
-0.016479941
0.0055171167
0.007972963
0.00837037
0.00034598407
-0.020019341
0.009717825
-0.022788765
0.027272005
0.013896801
0.04406242
-0.02404308
0.018417297
-0.004526706
0.01967161
-0.010382239
-0.020019341
0.0018162709
-0.027396195
0.01860358
0.002344076
-0.0014638832
0.0012682849
0.011090118
0.03365534
0.013698097
0.014306625
-0.014641937
-0.01885196
-0.03427629
-0.010171116
-0.018616
0.003955434
0.0037039507
-0.013971314
-0.005995246
0.03534432
0.03392856
-0.008320694
0.012803933
0.032189906
0.002525703
0.020044178
-0.0004051681
0.00323824
-0.056481365
-0.018864378
0.0063305576
0.0049768924
0.029631605
0.011866302
0.04475788
0.013052312
0.021608965
-0.0057530766
0.04898032
-0.031991206
-0.02650203
-0.0010424153
-0.029358387
-0.0018271374
-0.027470708
-0.028240683
-0.044956584
0.016902186
0.0057934383
-0.018566323
0.037530053
-0.015983183
-0.032686666
0.015709966
-0.008978898
0.03353115
-0.0072526643
0.004654
0.028588412
-0.015585777
-0.0050048353
0.019646773
-0.01685251
0.00013389176
0.007600395
0.015573358
-0.003604599
0.0033903723
0.0037318931
0.0154740065
-0.056382015
-0.025011757
0.016082535
0.018330364
-0.010444334
0.004967578
0.001357546
-0.0054860692
0.02122398
7.8467365E-06
-0.033630505
0.017324429
-0.03348148
-0.026303327
0.008674634
-0.006774535
-0.01674074
0.019783381
-0.019597096
-0.0190755
0.009457028
0.0054705455
-0.02073964
-0.0063771284
0.038101327
0.017634902
0.014294206
-0.009165182
0.004967578
-0.038076486
0.010959719
0.003368639
0.016107373
-0.013536651
0.016554454
-0.011624133
0.025856245
-0.0009438399
-0.012803933
-0.005324623
0.0038001975
-0.009786129
-0.016417846
0.024341134
0.021931859
-0.013946476
-0.015101438
-0.0055667926
-0.005973513
-0.012561764
0.013052312
0.014207274
-0.008196504
-0.010171116
-0.003595285
-0.0063647097
0.02037949
0.013486975
0.007948126
0.007352016
-0.0013722935
0.0037008459
0.017870862
-0.0032817065
0.014629518
-0.014331464
-0.022130562
-0.0002714704
0.00589279
0.02132333
-0.012965379
0.004666419
0.010382239
-0.0043093744
-0.003440048
-0.012499669
-0.008401417
0.011754532
0.02132333
0.002702673
-0.016840091
-0.029830309
0.0037629406
0.012462412
0.016566874
0.048110995
-0.011077699
-0.015598196
0.01860358
0.00595178
0.011922188
-0.013251015
-0.024887567
0.018454554
-0.0014297311
-0.006935981
-0.033034395
-0.014480491
-0.016157048
-0.0076500704
0.011804208
-0.019808218
-0.0052594235
0.02214298
0.033680182
0.012816352
-0.002449637
-0.013275853
-0.012903284
-0.0027865008
-0.011090118
-0.021298492
-0.0026297118
-0.019895151
0.034474995
-0.0068490487
-0.022006372
-0.0102456305
-0.00042845364
-0.011332288
-0.0051166057
-0.026576543
-0.0020693068
0.02568238
-0.0060759694
0.0053184135
0.017585227
-0.025955597
0.016529616
0.0045763813
-0.0039430154
0.026303327
-0.021596547
0.015026924
0.033680182
-0.011512362
0.01284119
0.01896373
0.0054860692
0.0033748485
0.027793601
0.00966194
-0.00039604795
0.013275853
-0.011742113
-0.019634353
0.0018643943
0.012816352
-0.010916254
0.023273105
0.0026328166
-0.0046229525
0.013275853
-0.0050048353
0.012387899
-0.005194224
0.015039343
0.016107373
-0.009202438
0.014927573
-0.012344432
0.036014944
-0.016219143
-0.005079349
0.0045794863
0.02955709
-0.006867677
-0.005690982
0.0005751524
0.012561764
-0.022925373
-0.018926473
0.008631167
0.013288272
-0.0071595223
0.015188371
-0.025508514
-0.00883608
0.007854983
-0.009407352
-0.012182985
0.022242332
0.018404877
-0.020888668
-0.025657542
0.0054239747
-0.021174302
0.0043000598
-0.029408064
-0.005619573
-0.015871413
-0.009599845
0.0018240326
-0.0042255465
-0.019410811
0.0107299695
-0.009314209
0.0014530167
0.039268706
0.2090357
-0.010438124
-0.04016287
0.025955597
-0.014319045
0.00036073156
0.02826552
0.012586601
-0.015151114
-0.017411362
-0.01896373
0.01259902
0.009891691
0.0058027525
-0.004439773
-0.024192106
-0.016715901
-0.018541487
-0.0063771284
0.0074513676
-0.005194224
0.015039343
0.02908517
0.00014776606
0.023235848
-0.024428066
-0.009860643
0.047316182
0.012636277
0.01590867
-0.020814152
0.0135863265
0.013437299
0.008078524
-0.017485876
0.01025184
0.0154740065
0.01095351
0.026651058
0.0053339372
0.012549344
-0.021621384
0.034574345
-0.011313659
-0.023347618
0.016343333
0.0020879353
-0.0006415162
-0.0065199467
0.009227277
-0.04237344
-0.029656442
0.020180786
0.029532254
0.016591711
-0.026551707
0.015014505
-0.01177937
-0.017386524
-0.022428617
-0.01674074
0.021683479
-0.03569205
-0.0048433887
-0.0105498945
0.015573358
0.006433014
0.047663912
0.015014505
-0.00050490774
-0.01201533
-0.005262528
0.009438399
-0.027669411
-0.0026359214
-0.019398393
0.017125726
0.0010874339
0.00718436
0.005982827
-0.010444334
0.0047533517
-0.011301241
-0.03345664
-0.0043683643
-0.03370502
0.009891691
-0.004405621
-0.022192657
-0.0044459826
0.029581929
-0.010562314
0.0062249964
-0.01742378
0.014567424
-0.009767501
0.029408064
0.024713702
0.011183261
-0.0019932408
-0.020565774
0.015647871
0.012077425
-0.005079349
-0.0020879353
-0.027470708
0.0077804695
0.007147103
-0.008575282
-0.02814133
-0.007122265
-0.0017650427
0.007848774
-0.0077928887
0.010792064
0.03519529
-0.01695186
0.0025784837
0.004557753
-0.0077307937
-0.007861192
-0.014778545
0.0003490888
0.013139244
0.011413011
-0.025434
0.0017293382
0.024105174
-0.008929222
-0.020342233
0.01567271
-0.0006706231
-0.016479941
0.019609515
0.005262528
0.017821187
0.015921088
0.010897625
0.008867127
-0.014393558
0.005982827
-0.030923175
-0.0011627238
-0.0010393105
-0.02391889
-0.018578744
-0.0009182258
-0.0069670286
-0.038920976
-0.012344432
-0.010636827
-0.020938342
-0.0063057197
-0.008084734
0.011624133
-0.013114407
-0.0037039507
-0.00871189
-0.0020460214
0.023894051
-0.03360567
-0.00071952265
0.0070353327
-0.026601382
-0.013859543
0.008140619
-0.15439233
0.017808769
0.0069918665
-0.015560939
0.01729959
0.003523876
0.035170455
-0.026725572
-0.036437187
-0.010065556
0.004185185
0.00011244967
-0.037182324
0.005032778
0.02050368
-0.009823387
-0.011928397
0.041653145
-0.029581929
-0.0037194742
0.0021236397
-0.032910205
-0.016591711
-0.006842839
0.003803302
-0.00053750747
0.0057686004
0.00618774
-0.0034617812
-0.023695348
-0.018231012
0.010164907
0.026800085
-0.004629162
0.003044194
-0.016840091
-0.010922463
0.0071595223
-0.016181886
0.021385424
0.010996977
0.0011790236
0.0034245243
-0.0029169
-0.007643861
0.008277227
-0.013486975
-0.011978073
-0.0007137013
-0.021993954
0.00942598
-0.030103525
0.0174362
0.013387623
0.007116056
-0.011804208
0.0061504827
-0.026402678
0.029855145
0.013151663
-0.01554852
-0.012269919
-9.872091E-05
0.004678838
-0.029730957
-0.019609515
-0.009376304
-0.0015461588
-0.018305525
0.012928123
0.016579293
-4.768681E-05
0.013909219
0.00067139923
0.019261785
0.002513284
-0.006644136
0.007587976
0.013611165
-0.029060334
-0.023595996
0.034102425
-0.009444608
0.011891141
-0.0021702107
0.009357676
0.0035052474
0.019808218
-0.003275497
-0.017249916
0.0050203586
-0.060703807
-0.015685128
0.0023580473
0.033034395
0.014828221
-0.03027739
0.0073209684
-0.012866028
-0.008736729
0.003983377
0.00918381
-0.017982634
0.0010625961
0.011158423
0.00941977
0.022801185
0.036213648
-0.001307094
0.00022683981
-0.015685128
-0.027321681
0.006451642
0.0052594235
-0.0007920959
0.025781732
-0.006880096
-0.005985932
0.018317945
0.00424107
0.060703807
-0.032487962
-0.0062001585
0.0063057197
-0.0073644347
9.125014E-05
-0.079083845
-0.023310361
0.0011953235
0.03181734
0.017448619
-0.0050483015
-0.009475656
0.023769863
-0.016132211
0.03673524
0.014269369
-0.03638751
0.0058865803
0.0062715677
0.038796786
-0.009463237
-0.0025458839
0.007631442
0.007587976
0.027296843
-0.016219143
0.0010354297
-0.014468072
-0.032935046
0.0049116933
-0.026601382
-0.021633804
0.029904822
-0.00801022
-0.0037132648
0.012046377
-0.004669524
0.0050203586
-0.0063585
0.0032102976
-0.011568248
-0.015374655
0.013263434
0.008699471
-0.033257935
-0.02003176
-0.03676008
0.007116056
-0.018268269
0.011673809
0.0020584404
-0.02450258
0.00095936353
0.021037694
-0.025607865
-0.008687053
-0.0070850085
-0.040982522
0.007550719
0.03392856
0.012176776
0.012717
0.018640837
-0.00919002
0.026700733
-0.00706638
0.022329265
-0.017721836
0.015138695
0.014579842
0.026576543
-0.01284119
8.7417735E-05
0.009326628
-0.01567271
0.0066689737
0.0017898806
-0.032189906
0.024005823
-0.03628816
-0.018268269
-0.0052501094
-0.027147815
0.024912406
-0.018007472
-0.0042845365
0.0054860692
-0.006501318
-0.0011704856
0.02427904
0.006935981
-0.012002911
0.018231012
-0.00021927201
0.004216232
0.009736453
0.029730957
0.0020770687
-0.013934057
-0.021472357
0.028215844
-0.002061545
-0.003086108
0.011586877
0.01696428
-0.024564674
-0.035990104
-0.060356077
0.024167268
0.026651058
0.0033872675
-0.0032351355
0.029929658
0.00036480653
-0.031643473
-0.023608416
0.041951198
0.01849181
0.02521046
-0.018069565
-0.005957989
-0.023186171
0.0069421907
0.014790964
-0.0014553452
0.0042472794
-0.0039026537
0.0074824146
0.0060045603
0.04920386
0.011841465
-0.01836762
0.019982085
-0.0016330914
0.024452904
-0.015846575
-0.032935046
0.03663589
-0.04108187
-0.011239146
0.02769425
-0.0032320307
-0.041827008
-0.0002584693
0.005051406
0.022590062
-0.025073852
0.009407352
-0.009134134
-0.0013598746
0.003734998
0.0060387123
0.01036361
-0.018454554
0.024564674
0.028787116
0.009320418
-0.023695348
-0.0056568296
0.006501318
-0.009109297
0.0076500704
-0.009972413
0.020801734
0.015126276
0.026452355
0.017808769
0.010723759
0.016045278
0.0071595223
-0.0065447846
0.014902735
0.022676995
-0.007979172
0.0043776785
-0.005914523
-0.030202877
-0.014592261
-0.0010315487
-0.013400042
0.025483677
-0.005408451
0.0065447846
0.014269369
0.01425695
-0.016343333
0.015610615
-0.0045794863
-0.008649795
-0.002597112
0.022329265
0.023186171
0.01047538
-0.0014894973
-0.0063895476
0.01284119
0.015585777
-0.008444883
-0.015486426
0.009084458
0.0038250352
0.012567973
-0.0003731505
-0.002946395
0.015573358
0.015324979
0.023509065
-0.011108747
-0.008680843
-0.027545221
0.012214033
-0.021360587
-0.006526156
-0.019286623
-0.028811954
-0.014319045
0.0011658286
0.016628968
0.042100225
-0.020652708
0.017945377
0.008618749
0.011251565
-0.02321101
-0.0070353327
-0.03206572
-0.00055846444
0.0054705455
0.0064578517
-0.0039771674
-0.02250313
0.0027507965
0.00954396
0.023844376
-0.04180217
0.009866852
0.0054239747
0.0046943617
0.015014505
-0.018678095
-0.018827122
-0.0148654785
0.008693262
-0.007718375
0.02861325
-0.006041817
0.05074381
0.016691063
-0.033555992
0.022776347
0.00093219714
0.017560389
-0.01400857
0.014915154
-0.025222879
-0.024701282
-0.0031342315
0.00057360006
0.012437575
-0.013760192
-0.010580942
-0.01767216
0.021658642
-0.020081434
0.0020584404
-0.014405977
0.021757994
0.015399492
0.015225627
0.029532254
0.0038467685
-0.01896373
0.011090118
-0.002344076
0.0057654954
-0.017982634
-0.016939443
-0.0029060333
-0.03616397
-0.015921088
0.014492909
0.008978898
-0.0039989008
-0.018094404
0.026054949
-0.008556654
-0.009587426
0.01425695
-0.010686503
0.0038964443
0.022391358
0.012890866
-0.010810692
-0.0030705843
-0.00078394596
