0.012334294
-0.0076516457
0.009431716
-0.01950107
-0.030898834
0.0040151216
-0.036212478
0.0027282236
-0.012991857
-0.015343144
-0.0034206577
-0.001697875
-0.008867142
0.010979314
-0.023273757
-0.007000725
0.015768236
-0.006828031
-0.00346051
-0.034299564
-0.026980022
-0.009006625
0.0035568199
0.002978961
-0.015675247
0.018478194
0.034458976
-0.02500069
0.029225037
-0.017641295
0.020191843
-0.010667138
-0.02247671
0.00834242
0.007020651
0.038284797
0.019939445
-0.025465634
0.0069343043
-0.015011041
0.038019117
0.007379322
0.011889276
-0.019062694
-0.0075586573
0.0061438996
-0.025186667
-0.0019859741
0.0032396617
0.0026385558
0.0086612385
0.018371921
-0.025199952
0.017734284
0.01161031
-0.025824305
-0.043093644
0.0017418786
0.036345318
-0.018943137
-0.011663446
0.005154234
-0.008050169
-0.0029158616
-0.020856049
-0.020856049
-0.033954177
0.020616936
-0.020045718
-0.016618418
0.041765235
0.04585674
-0.010580791
0.012115106
0.002095568
-0.020112138
-0.009292233
-0.014798496
-0.014399973
0.012307726
0.016352735
0.0028278544
-0.0021653096
0.0066486956
0.005054603
0.041765235
0.010388172
0.013948313
-0.0042509143
0.005835044
0.0065224967
-0.012659755
0.0203114
-0.0017086683
-0.010839832
0.020962322
0.01532986
-0.024084087
-0.024150508
-0.025213236
-0.022011766
0.03124422
0.000103211285
-0.020856049
-0.040569663
-0.012726175
0.012692965
-0.0069675143
0.042190325
0.0021370808
-0.030022083
0.028932786
-0.0062368885
-0.0208959
0.011477469
-0.02396453
0.0017701073
-0.02260955
-0.0030586657
-0.0027016553
0.020988889
0.033289973
0.0055394727
-0.004038369
0.007625078
-0.009624336
0.0038656753
-0.008767511
-0.0045929803
-0.050373334
0.021533538
-0.0005355156
-0.009797029
-0.0074457424
0.00051185326
-0.0060010958
-0.04272169
-0.004599622
-0.01494462
-0.012878942
0.011032451
0.017282624
0.0017153104
-0.015794804
-0.0031284073
0.0056092143
0.017840557
0.032811746
-0.009936512
0.011550532
0.011663446
-0.014705507
-0.012639828
0.01038153
0.011039093
-0.0073660375
0.0040118005
0.0011274886
-0.006343161
-0.009684115
0.012812521
0.03262577
0.004227667
-0.006326556
-0.0019461217
0.020736491
0.012606618
-0.004227667
-0.010361603
0.002027487
0.0066320905
0.023074495
-0.04601615
0.0012404035
0.0004910969
0.0049184407
0.015808089
0.012181526
-0.029118763
-0.016844248
0.02703316
0.00067499874
0.007033935
0.022211028
-0.0038258228
0.008242789
0.024642019
0.018557899
0.0105276555
-0.0019428007
-0.0008065944
0.009046477
-0.020723207
-0.021918777
-0.6002291
-0.017880408
0.02590401
-0.011922486
0.03512318
0.023247188
0.025532054
0.011743151
-0.012739459
0.015794804
-0.003091876
-0.008222862
-0.020802911
-0.02121472
-0.021985197
-0.028082604
-0.0013342225
-0.04165896
0.022795528
-0.013450159
-0.019979298
0.0020806233
-0.028613968
-0.023884825
-0.012061969
-0.011802929
0.005831723
-0.0011324702
-0.0013466764
0.032253813
-0.04327962
0.016352735
0.010839832
0.026767476
0.049151197
-0.017800704
-0.02538593
0.009026551
0.007817697
0.058343798
0.0020939074
-0.010009575
0.03913498
-0.009597767
0.0074789524
0.0009664188
0.016897384
-0.021360844
-0.009278949
0.0027049764
0.016206611
-0.009916586
0.0042376304
-0.0054929783
0.006303309
-0.0050180717
0.011862708
-0.013250897
0.007870833
0.0074855946
-0.0010652194
0.004589659
-0.047610242
-0.02768408
-0.039214686
0.031297356
-0.025930578
-0.009870091
0.0014404954
-0.014346836
0.04075564
0.0010469537
-0.000462453
-0.015210303
0.005081171
0.026674489
-0.01112544
-0.0011274886
0.004682648
-0.0029474113
0.011357912
-0.0024309917
-0.010746843
-0.016844248
0.022370437
0.011709941
-0.014745359
-0.007060503
0.009451643
0.01988631
0.028720241
0.0018332069
-0.030765994
-0.031031676
0.017016942
0.01138448
-0.0016488899
0.012965289
-0.0024409548
0.002706637
-0.005459768
-0.00789076
-0.006545744
0.025585191
0.023672279
0.017548306
-0.029411014
-0.005197407
0.02810917
-0.015356428
0.012307726
-0.00688781
-0.005037998
0.011736508
-2.2248285E-05
-0.016605135
0.013695914
0.03690325
0.004599622
0.00080617925
0.0091859605
0.009710683
0.009438358
-0.0074391
0.00889371
0.008030243
0.010793338
-0.006064195
-0.007585225
-0.023539439
-0.0138021875
-0.010056069
-0.0016588529
-0.013974881
0.02856083
-0.011623594
0.008707732
-0.0024658625
0.024535747
-0.04240287
-0.02664792
-0.010992599
0.014918053
-0.0076184357
-0.0067383633
-0.005114381
-0.019142399
0.007033935
0.016273031
-0.009431716
-0.01681768
-0.017853841
-0.021958629
0.0128855845
-0.0042376304
0.001245385
-0.017468601
-0.037540887
0.010255331
-0.02128114
-0.0042974087
0.024363052
-0.03140363
0.01377562
-0.013543148
-0.009146108
-0.017813988
0.002215125
-0.021945346
-0.025213236
-0.021161582
-0.005685598
-0.019554205
-0.00941179
-0.0027381866
-0.028826512
-0.013828755
0.0051376284
0.015475986
0.0086280275
0.009073045
0.019089263
-0.0072398386
-0.01710993
0.012593334
0.029039059
0.008774153
0.03881616
-0.013749051
0.019687047
-0.011105514
0.035043474
0.004201099
0.027205853
-0.032386653
-0.0033392925
-0.0143601205
0.009803671
-0.00050894736
0.0014047944
0.02700659
-0.0020059003
0.016671555
-0.007286333
0.012413998
-0.008800721
-0.009292233
0.00967083
0.018039817
0.00617711
0.024761576
-0.024296632
-5.7806625E-05
0.006685227
-0.0016621739
0.009205886
-0.021746084
-0.010341678
-0.019753467
0.009352012
-0.0033924289
-0.0015193698
0.009843524
-0.0067084744
-0.009763819
0.037009522
0.022795528
0.026116556
0.025279656
-0.0119357705
-0.008395555
0.04359844
0.011656804
0.017256055
0.041844938
0.026501793
0.032546062
0.011278207
0.0005840856
-0.040729072
0.010075996
-0.014240563
0.011364554
-0.007266407
0.027444966
0.0013093149
0.013589642
0.020284832
-0.028242012
-0.021653095
-0.017960113
-0.021188151
0.018850148
-0.0013607908
0.005662351
-0.029968947
-0.0072597647
0.01898299
-0.0023629107
0.03692982
0.0142936995
0.0021171547
0.01361621
-0.01733576
0.0064992495
-0.0031898464
0.0054796943
-0.011450901
-0.001306824
-0.008887067
-0.0114442585
0.0010926179
0.009830239
-0.023818405
-0.008960131
0.024150508
-0.008109948
0.021055311
0.011816214
0.0211483
-0.00077462953
-0.031350493
0.014267132
-0.011424332
0.01940808
-0.014559382
-0.0066022016
-0.01636602
-0.015236871
0.032120973
0.015183735
0.0231542
-0.031934995
0.0129187945
-0.0073328274
-0.030314334
0.04731799
0.0046195486
0.00017476904
-0.018225795
-0.00035099103
-0.030154923
-0.0075785834
0.0023629107
0.033130564
-0.010102564
0.010281899
-0.021653095
0.01704351
-0.014506245
-0.003981911
-0.0150774615
-0.015768236
-0.016459009
0.0036697346
-0.011477469
-0.0047988836
-0.009876734
0.033555657
0.0058450075
-0.013217687
-0.0058416864
0.008488544
0.022343868
0.041871507
-0.0002972319
0.0056158565
0.035495136
-0.006907736
-0.012281157
-0.017827272
-0.024363052
0.02344645
0.029304741
-0.028481126
0.0055992515
0.0031034995
-0.0020656786
0.031961564
0.025850873
-0.0052804328
-0.020510662
-0.016950522
-0.0208959
0.026408806
-0.0031865253
0.0070272926
0.03809882
0.016923953
0.00970404
-0.0041379994
0.0038822803
-0.022556415
-0.033927612
-0.017349044
0.011590384
0.00989666
-0.0062933457
-0.023605859
0.04266855
-0.006801463
0.029065628
-0.020683356
0.02597043
0.009571199
0.0032396617
0.0006206169
-0.019447934
-0.0010361604
-0.03618591
-0.011816214
0.032067835
-0.028215444
-0.011045735
-0.0026352347
0.01679111
-0.034777794
0.007771203
0.014426541
0.0036464874
-0.010235405
0.00973725
-0.00967083
-0.05531502
-0.029411014
-0.009464926
-0.010733559
0.005868254
-0.014187426
-0.014838348
0.007206628
0.007684856
-0.037886273
-0.007997032
0.025850873
-0.0066520167
-0.036796976
0.016618418
0.02535936
0.0076117935
0.0011781342
-0.007877476
-0.0076051513
0.008176368
6.4760025E-05
0.0171365
0.0053667794
-0.048354153
-0.009458285
-0.012666397
-0.017216204
-0.0012096841
0.005223975
0.0071468498
0.01018891
-0.025771169
0.0007410041
-0.008960131
0.022954937
-0.0008501829
0.009425074
0.0032645694
-0.012633186
-0.042137187
0.0019461217
-0.015648678
-0.006170468
-0.015542406
0.014665655
-0.01607377
-0.0148782
-0.011557173
-0.016113622
-0.022197744
-0.015542406
-0.008940204
-0.015994065
-0.022357153
0.012141674
-0.0069675143
0.0029407693
-0.00481881
-0.005184123
0.030526878
-0.0015799785
-0.022795528
0.023273757
0.016698124
-0.009909944
0.034326132
0.013044993
0.0036066351
-0.03884273
-0.011583742
-0.0064793234
-0.0015118974
-0.0280029
-0.005552757
-0.02134756
-0.00692102
-0.020298116
0.032546062
0.0183055
-0.031084811
-0.023805121
0.010501087
0.015236871
-0.023632428
-0.016459009
-0.03166931
-0.022171175
0.01749517
0.0016380965
-0.0020424316
-0.0030902154
-0.007625078
-0.024243496
-0.024788145
6.398166E-05
-0.022197744
0.02157339
-0.007000725
0.052179974
0.027896626
0.021626526
0.005532831
0.020616936
0.03273204
-0.012314367
-0.02322062
-0.02024498
0.00067209284
0.0018332069
-0.0016422478
0.009451643
0.0018232437
0.0009514742
0.02664792
-0.00026339895
0.023818405
0.011656804
-0.023167484
-0.017853841
-0.05045304
0.009126182
0.008800721
0.0071136397
0.0034140155
-0.03509661
0.0075387307
-0.011337985
-0.007824339
0.023101063
-0.0033442741
0.03344938
-0.021480402
-0.0021204758
0.0042343093
0.009949797
-0.0074258163
0.023924677
-0.026209544
0.0067915
0.032386653
0.02648851
0.011982265
0.0400383
-0.0025920614
-0.0025804378
0.024788145
-0.02529294
-0.01956749
0.00766493
-0.037514318
-0.007073787
-0.030154923
0.00033417833
0.021095162
-0.029118763
0.0036232404
0.014399973
0.001999258
-0.012294441
-0.01112544
0.022729108
-0.0032446433
0.02218446
-0.0026020245
0.02037782
-0.0019527638
0.012088538
-0.014997757
0.008906994
-0.009498137
0.012998499
0.0026501794
0.025027258
0.0044269287
-0.008853857
0.024190359
-0.01041474
-0.030473743
-0.04051653
0.0038988856
0.00043629992
0.015954213
-0.020298116
-0.039560072
0.016273031
0.01679111
-0.004440213
-0.016180042
0.027112864
-0.012247947
0.0004275822
0.010082638
-0.020125423
0.026701055
0.013403664
-0.0138686085
-0.014639086
0.002480807
-0.0049350457
-0.009332085
0.0027763785
0.024203643
-0.027312124
-2.885142E-05
0.052445658
0.03246636
0.010614002
0.006552386
-0.0020972285
0.028640535
-0.026913602
-0.026674489
-0.0138686085
-0.007412532
0.0029208432
-0.020935753
0.0067616105
0.011670088
0.0070804292
0.001491141
0.023180768
-0.010587433
-0.014811779
-0.027365262
0.012433925
-0.016605135
0.000653412
-0.00397859
0.015356428
-0.034724656
-0.02454903
0.006226925
-0.050107654
0.00010409344
0.014705507
0.0027697363
0.00019635572
0.041765235
-0.011769719
-0.0022632799
0.009783745
0.010029501
-0.024735007
0.031270787
-0.015290008
-0.015250156
0.023911394
0.010766769
-0.035521705
-0.020909185
-0.008322493
0.003282835
-0.0073527535
-0.003075271
-0.006808105
0.008641312
-0.0022881874
0.004815489
-0.014121006
0.044926852
-0.010062711
-0.023180768
0.029278172
-0.02752467
-0.000834408
-0.020802911
0.03868332
-0.0030038687
0.0020208447
-0.012121748
0.023924677
-0.028268581
-0.006552386
0.011391122
0.019208819
-0.025943862
-0.028374853
0.002839478
0.012978573
-0.0056125354
0.019753467
-0.011949055
0.015808089
0.0005882369
-0.007817697
0.0010295183
-0.037886273
-0.021015458
-0.031908426
0.015263439
0.0033774844
0.04091505
0.005333569
-0.014692223
-0.01794683
0.0059911325
-0.03987889
0.010095921
0.009358654
0.015741667
0.018318783
0.03793941
0.011364554
0.023911394
-0.006675264
0.0056457454
-0.014532814
0.011278207
0.013583
-0.0042608776
0.015090746
-0.054783657
-0.032546062
-0.009644262
-0.000102432925
0.011663446
0.0064427922
0.03554827
0.01293872
0.01329075
0.018039817
-0.0033094033
-0.008521755
0.015290008
0.023114346
-0.028454559
0.0040483316
0.013788903
0.001144924
0.01517045
0.025239805
0.015462701
-0.016113622
0.017282624
0.021042027
0.0011872671
-0.022277448
-0.0033492555
0.014240563
0.016737975
0.0035800668
0.04094162
0.0032413222
-0.01927524
0.021068593
0.0014023036
-0.02626268
-0.0065988805
0.028853081
0.0029291457
-0.0021487044
0.0009871753
0.0035368935
0.0051044184
-0.027790353
0.010102564
0.014253847
-0.023539439
0.013602926
-0.020005865
0.004622869
0.0096774725
0.000388145
-0.020351253
-0.011696656
-0.01995273
0.019633912
-0.0067284005
0.001335883
-0.0021420624
-0.017853841
-0.005154234
0.030712856
0.0060143797
-0.013669346
0.0033326505
0.22104755
0.0019129114
0.007771203
0.024987405
-0.001180625
-0.018650888
0.0094782105
0.023047926
-0.013350528
0.048593264
0.017428748
0.017349044
-0.011497395
0.00033293295
0.010507729
-0.03605307
-0.00430073
-0.008189652
-0.00219852
0.026448658
0.023233904
-0.0054763732
0.0019444613
-0.0011249979
0.005675635
-0.0027996257
0.0012379128
0.026143122
0.024974123
0.02493427
-0.01044795
0.01112544
0.01979332
-0.002412726
-0.0064760023
-0.013423591
0.0146523705
-0.0061472207
0.022875233
0.032041267
0.0020640183
-0.007133566
0.009358654
0.018690739
-0.006412903
-0.011955697
-0.013151267
-0.0058616125
-0.0018415094
-0.014413256
-0.017016942
0.019222103
0.0074590263
0.0066486956
0.0026983344
0.02069664
-0.008900352
0.0017003658
-0.00033936743
0.0004844548
0.013450159
0.02179922
-0.024894418
0.012447209
-0.013974881
-0.0016630042
-0.018690739
0.0263291
0.010773411
0.023433166
-0.011696656
0.0005612535
-0.017840557
-0.0138686085
0.0014255508
-0.023247188
0.025611758
0.032041267
0.023353461
0.023977814
-0.005795192
0.014200711
-0.00044252683
0.007937254
0.010720274
-0.010082638
0.03440584
-0.008216221
0.007684856
-0.015808089
-0.017667864
-0.020776344
-0.00840884
-0.030872265
0.017442033
0.017468601
0.025571907
0.012659755
0.0021237966
-0.003812539
-0.023871541
0.058715753
0.009597767
-0.0028477805
-0.019022841
0.010228762
-0.019540923
0.01083319
0.0005612535
-0.024814712
-0.0035601407
-0.022051618
-0.0009772121
-0.009053119
0.010075996
0.030261196
-0.015303291
-0.021998482
0.010009575
-0.014678938
-0.00014342685
-0.028056035
0.003101839
-0.012898868
-0.0025106964
-0.004735784
-0.03839107
0.018199228
-0.037594024
-0.05146263
0.02813574
-0.013171192
0.007757919
0.004450176
-0.0017053473
-0.0025737958
-0.0035999932
0.00058367045
-0.0075586573
-0.001173983
0.004343903
0.025106963
0.005469731
0.039081845
0.01846491
-0.036584433
0.027949762
0.01614019
-0.00062310765
-0.04479401
0.009870091
0.0014014733
-0.0013325621
-0.0017335761
0.021400698
-0.018371921
-0.011218429
-0.0027149394
0.017388897
0.01665827
-0.03448554
0.01555569
0.015635394
-0.018438341
-0.012261231
-0.032041267
-0.16557312
-0.012805879
-5.6249894E-05
-0.0025422461
0.030022083
0.018252363
0.005054603
-0.007552015
-0.032918017
-0.0019411402
0.030154923
0.0029474113
-0.0017551627
-0.010687064
0.010109206
0.005735413
-0.0035534988
0.023658995
0.035495136
0.0052605066
0.035229452
-0.009212528
0.0217328
-0.0048852307
-0.00879408
-0.0012578389
-0.032360084
0.007339469
-0.0031798831
-0.014811779
0.003985232
-0.02810917
0.0025090359
-0.009850166
-0.0013989826
-0.013197761
0.009139466
0.0077512767
-0.0183055
0.04088848
0.013025068
0.026873749
0.021387413
0.007970464
0.028985923
0.014732075
-0.00038461643
-0.00022105585
0.013171192
-0.024894418
0.028188877
0.008468619
-0.012015475
0.007990391
-0.0004902666
0.035707682
0.013536505
0.010873042
-0.026687771
-0.017853841
0.0047623524
-0.008256073
-0.01995273
-0.009949797
-0.007658288
0.010793338
-0.00856825
0.032253813
-0.010879684
0.003282835
0.013762335
-0.020789629
0.0073527535
0.013543148
0.004201099
-0.019288523
-0.03424643
0.024509178
0.0069542304
0.009797029
-0.0045431647
0.036584433
-0.017508453
-0.0058748964
-0.0142936995
0.011862708
-0.027444966
-0.012639828
-0.014546097
0.0109527465
-0.009783745
-0.042004347
-0.013881892
0.025465634
0.00015764499
0.017574875
0.0011100533
-0.017840557
-0.0027763785
-0.01866417
0.012945362
-0.009617694
-0.023260472
-0.0042675193
0.036504727
0.009385222
0.02215789
0.0077313506
0.00031010088
-0.0068811676
-0.044608034
0.01351658
0.066048585
0.024469325
-0.0054265577
0.045909874
0.011258281
-0.019899594
0.0038457492
-0.014041302
0.04256228
0.0057819076
-0.0223173
-0.011397764
0.0032463036
-0.021440549
-0.08554965
-0.016937237
0.008415482
0.011968981
-0.027338693
-0.002085605
0.018850148
0.029942378
-0.0046261903
0.013430232
0.0025671537
-0.0027896625
0.00834242
-0.014426541
-0.012626544
-0.0020789627
-0.004343903
-0.037408046
0.0026335742
0.016538713
0.021560106
-0.0071800603
0.00023184919
0.0019278561
-0.0016389268
0.0031134626
-0.05520875
0.021294424
0.004114752
0.016963806
0.02276896
-0.0048752674
-0.005061245
-0.023712132
0.012952005
-0.013031709
-0.009790387
-0.02500069
0.031005107
-0.018398488
-0.033422813
-0.010793338
0.003603314
-0.03528259
-0.0067416844
-0.006070837
-0.02567818
-0.016020633
0.0045564487
-0.021653095
-0.028401421
-0.02946415
-0.022410288
0.004207741
0.007897402
0.015050894
-9.15358E-05
0.018172659
-0.04601615
0.0037926126
0.020125423
0.0066088433
-0.009584484
0.020975607
-0.0024874492
-0.0030055293
-0.026807329
0.0037693654
-0.018863432
-0.023977814
-0.022875233
-0.0049184407
-0.028826512
-0.011809572
-0.027418397
-0.006203678
-0.01532986
-0.014572666
0.008913636
0.00084478623
-0.018438341
-0.0053933477
-0.007970464
-0.025492202
0.019222103
0.028029466
-0.0010519353
-0.0059147486
0.03020806
-0.066314265
0.029039059
0.010687064
0.022237595
0.035654545
-0.011145366
-0.017880408
0.0017800704
-0.017906977
0.015582258
0.037753433
0.009531347
0.001979332
-0.07460355
0.0045564487
0.0081697265
-0.000257172
-0.006044269
-0.0021719516
0.0045365226
-0.017295908
0.0032894772
0.019819887
-0.017455317
0.016352735
0.001296861
0.0019677083
-0.019301808
-0.017973397
0.007306259
-0.017933546
0.00882729
0.007266407
-0.05164861
-0.021320993
0.019421365
0.0076914984
-0.02389811
0.018611034
-0.004317335
0.005552757
0.0018315463
-0.018717308
-0.0017036868
-0.012659755
-0.0017701073
0.0480619
-0.015369712
0.019447934
0.013695914
0.018092955
-0.009471568
0.028985923
-0.01306492
-0.030633152
0.05611207
0.00029640165
-0.034698088
-0.020430958
0.016219895
-0.009471568
0.009571199
0.012553481
0.01562211
-0.004058295
-0.00675829
-0.027179284
0.008063453
-0.00333099
0.0012827467
0.0045431647
-0.030712856
0.0054830154
0.03156304
0.012055327
0.017893692
-0.018039817
-0.0100693535
0.0066022016
-0.032546062
0.00077753543
-0.0071202815
-0.03530916
0.0031948278
0.007306259
-0.010315109
-0.004224346
0.012294441
-0.029490719
0.023685563
0.0038856014
-0.017481886
-0.0033924289
0.014559382
0.0035634618
-0.01807967
0.016644986
0.007791129
-0.032838315
-0.014838348
0.02047081
0.0050878134
-0.0046328325
-0.01720292
-0.01038153
-0.006396298
0.018584466
0.03541543
-0.0029872637
-0.008853857
-0.00019334603
0.027710648
0.03023463
0.018425057
-0.0029009169
-0.0074058897
-0.0017784099
-0.005413274
0.0071069975
-0.014971189
-0.006074158
0.009438358
-0.017508453
0.0132110445
-0.012526914
0.012413998
0.012141674
-0.022981506
0.015542406
-0.0047988836
-0.02425678
-0.013410307
0.015369712
-0.0074789524
0.009803671
0.033954177
0.0020972285
0.009790387
-0.008654596
0.034804363
-0.022782244
0.0052472223
0.0042708404
-0.008574891
0.008242789
-0.025518771
0.000109386325
0.00856825
-0.0033907683
0.022343868
-0.004573054
-0.0072929747
0.075241186
0.01710993
-0.0048055258
0.0015758272
0.013722483
0.021002173
-0.0020225053
-0.0004670194
0.0026385558
-0.03257263
0.0011690015
-0.0015168791
-0.0036066351
0.013974881
-0.024402905
-0.019248672
-0.005360137
-0.0042808037
-0.004081542
-0.031483334
0.0032413222
-0.015090746
0.024628734
0.0033907683
-0.035946794
0.0101689845
0.04123387
0.0047689946
0.016910668
-0.038470775
0.016047202
0.0018813617
-0.069608726
-0.032997724
0.015290008
0.0032164145
0.021586675
-0.041419845
0.036584433
0.002856083
0.009843524
0.007565299
-0.028481126
-0.019979298
-0.01332396
0.003224717
-0.005057924
-0.014984474
-0.0011009204
