0.01319693
-0.024983402
-0.012850846
0.020360231
-0.042757794
-0.00021732328
-0.013791151
-0.006435218
-0.01908037
0.003836317
0.053963102
0.00065135764
-0.00037179625
-0.0091157425
0.0092594
-0.015031833
0.026929313
0.004962725
0.0147183975
-0.018610219
-0.0034804374
0.002899276
0.0038820263
-0.027556183
0.01453556
0.008919845
0.023350926
-0.031291287
0.011590575
-0.013791151
0.029645752
-0.0053871684
-0.03573162
-0.024043096
-0.0041921968
-0.027242748
-0.008501931
0.0046068453
0.032806225
0.004309735
-0.00063380855
0.03787343
0.014901235
-0.00042811665
-0.013556075
0.012922674
0.019524405
-0.023781901
-0.005096588
0.00080236164
0.00165533
0.0006521739
-0.0061087226
-0.017421776
-0.009409588
-0.01648147
-0.017682973
0.0023785166
-0.015358328
-0.018074768
0.024212874
-0.0014316809
0.004381564
0.027582303
-0.007209011
-0.020347172
-0.009474887
0.02050389
-0.01129673
0.025427436
0.012067257
0.015123252
0.013203461
-0.017709093
-0.0044207433
-0.0129096145
-0.023311747
-0.0036045054
-0.011035534
0.0030282417
0.03301518
-0.027399465
-0.013973989
0.01787887
0.0084105125
0.02514012
0.0016088045
0.0038689666
-0.023063611
-0.009501006
0.010656799
0.034530118
-0.008031779
0.01986396
-0.035313707
0.014300484
-0.0075681554
0.011525276
0.0006138107
-0.010931055
0.009200631
-0.0113228485
-0.024082275
-0.0083843935
0.00051463785
-0.010173586
-0.020059858
0.010493551
0.029489035
-0.010402133
-0.025114
0.045448113
0.016860206
-0.03573162
-0.013556075
-0.023350926
-0.009030853
-0.03949284
0.0022038417
-0.017160581
0.0059944494
-0.0019034662
0.023912499
-0.018440442
0.0020683461
-0.0082603255
-0.01921097
-0.0128965555
0.01392175
0.005958535
0.051951896
0.02242368
0.013085922
0.0027996951
-0.01188442
0.015985198
-0.022737116
-0.0064548072
-0.019302389
-0.019955378
-0.008828427
0.020373292
-0.009324699
-0.007796702
-0.023572944
0.00993851
0.012850846
0.016416172
0.008175436
-0.028261412
-0.0013059803
-0.017069163
-0.005814877
-0.0033318822
0.019550525
0.030690536
0.007881591
0.032701746
0.009181041
0.012968384
0.0051814765
-0.037795067
0.00989933
-0.017421776
-0.009625074
0.030899493
0.04294063
0.018100886
-0.0026348152
-0.021156881
-0.029280078
0.029985307
-0.028052457
0.017565435
-0.010147466
0.03168308
-0.0038265223
-0.006797627
-0.009820972
-0.010669859
0.0036208304
-0.0020569188
0.028627086
0.011466507
-0.016011318
0.016246395
0.052578766
-0.02320727
0.010356423
0.0034216682
0.012334984
0.00991892
-0.00793383
-0.021418076
-0.62478095
0.005798552
0.015554225
-0.0032355662
0.014587799
0.025518855
0.008926375
-0.012393753
-0.020334113
0.009102683
-0.00728084
-0.012739837
-0.0076399846
0.00053830876
-0.004185667
-0.021470316
0.028496489
0.007666104
-0.008541111
0.014156826
0.019224029
0.023220329
0.0037351036
0.005759373
0.018727757
0.003108233
-0.002342602
-0.04646678
-0.009977689
-0.02055613
-0.027347226
0.05636611
0.0004934157
0.009200631
0.034138326
0.012818196
-0.024735266
-0.011309789
0.020869564
0.028548729
0.0073069595
-0.022397561
-0.018701637
-0.0003081297
-0.008658649
0.02320727
-0.012321924
-0.022397561
0.002775208
-0.008462752
-0.012080317
-0.008678239
0.002287098
0.018636338
0.015501985
0.015332208
0.035392065
0.010349894
0.013053273
-0.0042052562
-0.023246448
0.0010047886
-0.024539368
-0.004211786
-0.0042542308
0.010911465
-0.018453501
0.0126614785
0.022998312
-0.036227893
-0.020921804
0.028783806
-0.0019002013
0.027556183
0.009050443
-0.0063927732
-0.002548294
-0.020673668
0.007398378
0.024761386
-0.0046133753
-0.018858355
-0.0023099526
0.0055373562
0.04628394
-0.019054253
-0.0329107
0.012250095
-0.0015467703
0.006546226
0.02844425
0.02323339
-0.007731403
0.0020242694
0.019054253
0.014326603
-0.04367198
0.001222724
-0.0019214235
-0.027164388
0.0028225498
0.030847253
0.015397507
0.014365783
0.04038091
-0.002747456
-0.004087718
0.002407901
0.023912499
-0.017291179
-0.012511291
-0.014653099
-0.0014447407
0.00430647
0.0029041737
-0.018936714
0.0071828915
-0.02122218
-0.015776241
0.003562061
0.041268975
0.0074832668
0.014444142
0.0016079881
0.003571856
0.022724057
-0.015632583
-0.019393807
-0.020895684
-0.003080481
-0.024983402
-0.004149752
0.041373454
0.0074375574
0.0068694563
0.018662458
0.0070196437
-0.013712793
0.013164281
-0.011348968
-0.010656799
0.0018675518
-0.008913315
0.0017696032
-0.008945965
-0.038787615
-0.012974914
-0.0012929204
0.00025119714
-0.006066278
0.0057854927
0.002225064
0.015005713
-0.005028024
0.00213691
-0.0027311312
-0.0026429775
-0.017043043
-0.00030262012
-0.019446045
0.028548729
0.015071012
0.032701746
-0.009383468
0.025871469
-0.020099036
0.014065407
-0.0024650376
-0.006092398
-0.001504326
0.0071894214
-0.025336018
0.016651249
0.020830385
-0.0027246014
-0.0074310275
-0.015593404
-0.022645697
0.007992599
0.011029003
0.010291125
0.012935734
-0.016494531
0.006556021
0.018244544
0.0017418512
0.011009414
0.028757686
-0.020373292
0.00396365
-0.010709038
0.019668063
-0.02186211
0.005204331
0.012328453
0.0005072917
-0.0016088045
0.015750121
0.021613974
-0.01390869
0.012086847
-0.008325624
0.020438591
-0.005586331
-0.010833106
0.0017369537
-0.00023711704
-0.00045015506
0.015724001
-0.02318115
0.0092398105
-0.022266963
-0.0061250473
-0.0027572508
0.02447407
0.028104695
-0.0059062955
0.01854492
-0.005622245
0.0038722313
-0.005566741
-0.017526256
0.026981551
-0.0018234749
-0.010265005
0.012524351
-0.011890951
0.023703542
0.0054328777
-0.024030037
-0.0070588235
-0.0074702073
0.023886379
0.002187517
0.0033465745
-0.017526256
0.0071894214
-0.010140937
0.017983349
0.0070392336
0.018257605
-0.002215269
0.030194264
0.008110138
-0.0017353212
0.0018365347
0.0018953038
-0.0041530174
2.2484797E-05
-0.0053773737
-0.039858516
-0.0023474996
-0.013320998
0.0053969636
0.012152147
-0.03434728
-0.002358927
-0.004038744
0.008926375
0.023063611
0.0046623494
0.016951624
-0.009063503
0.017434837
0.015345268
-0.011029003
-0.010637209
-0.030507699
-0.004309735
-0.0342428
-0.020647548
-0.029436795
-0.005341459
-0.019002013
-0.020647548
-0.0026331828
-0.007555096
-0.028183054
-0.014313543
-0.018179245
-0.012465581
-0.020569189
-0.007659574
0.016821025
-0.0059944494
-0.020869564
0.003033139
-0.01058497
-0.020007618
0.018871415
-0.0018430647
0.030350981
-0.0021352777
-0.0062393206
-0.01191054
0.008737008
0.034869675
-0.008136257
-0.025962887
-0.006934755
0.015724001
0.026184903
0.0112249
-0.025466615
0.013490776
0.0158546
-0.011015943
-0.008123198
-0.016220275
-0.030115904
0.03379877
-0.0066572344
-0.02713827
0.021522556
-0.0318398
-0.013830331
-0.022776296
-0.022319203
0.017069163
0.007685694
-0.008214616
-0.011949719
-0.0014716765
-0.010193176
0.13874735
0.010121347
-0.005423083
0.016651249
-0.011120422
0.026289383
-0.007091473
-0.027007671
-0.004949665
0.008998204
-0.007848942
-0.007417968
-0.00054687925
-0.0014471894
0.012269684
-0.001504326
-0.008168907
-0.009043913
0.0118060615
0.0063340045
-0.019498285
-0.006366654
-0.002324645
0.03241443
0.016716547
-0.01921097
-0.0053708437
0.019354627
0.0021679273
-0.02452631
-0.0020552864
-0.0006293192
0.006941285
0.009017793
0.02060837
-0.01059803
-0.017382598
0.0051716818
0.028940523
0.00080766715
0.01393481
0.0137519725
-0.0040844535
-0.000875823
0.021209119
0.0044729826
0.0013214888
0.011342439
0.030350981
-0.0071959514
0.008913315
-0.012099907
-0.023390107
0.0047309133
-0.0024291233
0.016899385
-0.018166186
-0.019393807
0.002386679
0.005367579
-0.017016923
-0.010147466
0.009755673
0.0042052562
0.0020977308
-0.009017793
-0.030403221
-0.034216683
-0.018009467
-0.030115904
0.028235294
0.00067502854
-0.013477717
0.008665179
0.008965555
-0.014052347
0.03108233
0.008097078
0.011773412
0.0007048212
0.009265929
-0.030246504
-0.019472165
-0.005380639
-0.008240735
0.008874136
0.009696904
-0.011564455
-0.0068368064
0.022371441
0.019694183
0.00726778
0.03635849
0.012602709
-0.0084105125
-0.008665179
0.020634487
-0.00662132
-0.0065103117
0.0018332698
0.0424966
-0.0145225
0.01594602
-0.011459976
-0.003986505
0.026955433
0.032022636
0.0017353212
-0.026132666
-0.019093432
0.0007317571
-0.019694183
0.02314197
-0.008064428
-0.0034281982
0.028026337
0.0016928769
-0.0088806655
-0.014927355
-0.002225064
0.009559776
-0.04048539
0.007339609
-0.007411438
-0.0056614242
-0.0030968057
0.00050810794
-6.688047E-05
-0.013582194
-0.0054557323
-0.012955324
-0.010715568
-0.0052141263
-0.014901235
-0.011649344
-0.013327529
0.00725472
0.00066115253
0.0044599227
-0.012354573
-0.0034281982
-0.016821025
-0.008064428
-0.029175598
-0.030246504
-0.020543069
-0.005556946
-0.0052957498
-0.012635359
0.0027899004
-0.01388257
0.011845241
0.007894651
-0.008436632
-0.009853621
-0.014117647
0.016024377
-0.0073787887
0.0277129
-0.0100952275
0.055112366
-0.008462752
0.0035522664
-0.0046394947
0.019550525
0.00048362082
-0.017160581
0.0016120694
-0.006441748
0.024591608
-0.0047080587
0.00859988
-0.002977635
0.013275289
0.020543069
-0.001188442
-0.0012937367
-0.02242368
-0.01793111
-0.04361974
-0.014431082
-0.01586766
-0.006418893
-0.0065135765
-0.013098982
-0.033511452
0.016468411
0.033250257
0.00025670676
0.0021352777
0.016102737
-0.009742613
0.019459106
0.0048060073
0.0025156445
-0.03978016
-0.015710942
0.0028911137
0.0065952004
0.023677422
-0.0071959514
0.040145833
0.0075812154
0.018022528
-0.0014986123
0.057201937
-0.042810034
-0.005243511
-0.013001033
-0.029462915
0.008155847
-0.02184905
-0.024669968
-0.026537519
0.00088561786
-0.00064033846
-0.023089731
0.028966643
-0.035313707
-0.036645807
0.010376013
-0.012602709
0.026171844
0.014744517
0.01977254
0.0343734
-0.022893833
-0.01787887
0.00013029194
-0.03962344
0.004822332
0.018153125
0.009194101
0.010415193
-0.010846166
0.007143712
0.012321924
-0.055948194
-0.016037438
0.01908037
0.019054253
0.004159547
0.0026739945
-0.016102737
-0.024395712
0.016664308
-0.0016030908
-0.016442291
0.01257659
-0.03228383
-0.020125156
0.011192251
0.003764488
-0.0054067583
0.00925287
-0.028679326
-0.010297654
-0.005511237
0.013660554
-0.036227893
0.0037220437
0.039414484
0.006804157
0.0030935407
-0.016337814
-0.0016357403
-0.035365947
0.016807966
0.0038657016
0.0142351845
-0.011642814
0.027033791
-0.0024225933
0.0067062085
0.0067127384
-0.0067257984
-0.013490776
0.005831202
-0.0057006036
-0.027268868
0.0331719
0.00014855525
-0.022880774
-0.008626
0.0055145016
-0.015789302
-0.024696087
0.016207214
0.0076203947
-0.024265112
-0.010147466
0.0025384992
-0.01386951
0.011603635
0.021927409
0.009135332
-0.0017940904
-0.014731457
-0.014862055
0.011440387
-0.018701637
0.011766882
-0.030168144
-0.01124449
0.0014888175
-0.018375142
0.032936823
-7.7083445E-05
0.017748272
0.016376993
0.004172607
0.0017304239
-0.0024650376
-0.00096560916
0.020843444
0.008234206
0.0071698315
-0.017735211
-0.011048593
0.012504761
0.023246448
0.022606518
0.021535615
0.000958263
-0.013014093
0.017160581
0.004117103
0.0033857538
-0.01597214
-0.021705393
0.014052347
0.011708113
-0.0017238939
-0.03816074
-0.020647548
-0.0019540729
-0.0047896826
0.015619524
-0.004104043
-0.005037819
0.029175598
0.039231647
0.026184903
-0.000927246
-0.014000108
-0.03698536
-0.0019883548
-0.0059846547
-0.010552321
-0.028470369
-0.018675517
0.045343634
0.002393209
-0.015123252
0.00043954398
0.00728084
0.0033792239
-0.00035873646
-0.027347226
0.00047627467
0.022671817
-0.0079273
-0.007202481
0.0343734
-0.031317405
0.0008766393
0.010656799
0.016246395
0.016572889
-0.021613974
0.0052075963
0.026328562
-0.007790172
0.00363389
0.023925558
0.013503836
-0.012935734
0.03372041
0.013360178
-0.004499102
-0.00992545
-0.016246395
-0.022619577
0.007065353
-0.0004575012
-0.022880774
0.032257713
0.0070261736
-0.018283723
0.010859226
-0.011022474
0.028287532
-0.007522446
-0.0036208304
0.02844425
-0.0147183975
0.013412417
-0.03523535
0.04048539
-0.0059095607
-0.0026739945
0.008893725
0.021587854
-0.014888175
-0.01786581
-0.0018953038
0.014143766
-0.024330413
-0.008364803
-0.008730478
0.011009414
-0.018701637
0.024865864
-0.02438265
-0.013157751
-0.003924471
-0.0013059803
-0.023599064
0.028548729
0.028574849
-0.02636774
-0.014705338
0.0013843391
-0.016233334
-0.014940415
-0.018283723
-0.0034053435
-0.0006636012
-0.010787397
0.013105512
-0.0017451161
-0.041268975
0.020921804
-0.010415193
0.0171214
0.02645916
0.21501659
0.00397018
-0.030690536
0.03189204
-0.017369537
0.021274418
0.041817486
0.024278173
-0.013425477
-0.020203514
-0.014613919
0.006412363
-0.003637155
0.0032714806
0.0076399846
-0.027451705
-0.035209227
-0.020242695
-0.0005325951
-0.0024030036
0.004110573
0.022554278
0.012981444
-0.008345214
0.031395767
-0.02183599
-0.007084943
0.03831746
-0.020125156
0.01392175
-0.0050835283
0.0009158187
0.0013753604
0.029906947
-0.025401317
-0.0061576967
0.014052347
0.005341459
0.021979649
0.01714752
0.020151276
-0.013281819
0.02648528
-0.008097078
-0.025114
0.005899766
0.0081623765
-0.0005578984
-0.0154497465
0.0108265765
-0.04017195
-0.0171214
0.03100397
0.021509495
0.022110246
-0.021640092
0.01453556
-0.0018038852
-0.023442345
-0.005099853
-0.019289328
0.013673613
-0.027347226
0.002380149
-0.0033857538
-0.00048729387
-0.0044011534
0.04228764
0.016546769
0.0113228485
0.008782717
-0.030168144
-0.016011318
-0.015932959
-0.015724001
-0.008430103
0.026341623
0.033406977
-0.0025662512
0.030115904
-0.0075746854
0.023298688
-0.011610164
-0.028653206
0.0059715947
-0.02907112
0.008841487
-0.008808837
-0.017291179
-0.001171301
0.012987974
-0.023350926
-0.008521521
-0.0126614785
0.013007564
-0.020595308
0.035940576
0.03502639
0.007006584
-0.0032404636
-0.03238831
0.041477934
0.001851227
-0.017630734
-0.014770636
-0.020321053
0.0051325024
0.01723894
0.008828427
-0.01778745
-0.003108233
-0.004760298
0.015057952
-0.005478587
0.011440387
0.03620177
-0.0050574085
-0.005553681
0.003702454
-0.0001116205
-0.0020667138
-0.02047777
0.0036469498
0.021013223
0.01393481
-0.021561734
-0.0004485226
-0.0017598084
-0.0068563963
-0.025466615
-0.0018397997
-0.002520542
-0.008221146
-0.005752843
-0.00021609892
0.02438265
0.02713827
-0.009514066
-0.0018463295
-0.02972411
0.003204549
-0.029489035
5.652446E-05
0.005341459
-0.009416117
-0.038291343
-0.010304185
-0.0075877453
-0.028156934
-0.021065462
-0.016442291
-0.017278118
-0.006422158
-0.003924471
0.0061642267
-0.0044631874
-0.010976764
-0.015684823
-0.011453447
0.016376993
-0.021979649
0.008234206
0.00993198
-0.041921966
-0.024003917
-0.0009851989
-0.16424008
0.009664254
0.020673668
-0.012217445
0.007424498
0.0063078846
0.016599009
-0.007071883
-0.036541328
-0.0034771725
0.015306089
0.009213691
-0.025074821
0.008691299
0.007346139
-0.013157751
-0.012890025
0.029619632
-0.04035479
-0.009396528
0.0041889315
-0.042418238
-0.022110246
-0.012635359
0.016168036
0.000958263
0.005772433
0.033615932
0.0054394077
-0.021535615
-0.007875061
0.0050084344
0.040772703
-0.0053218696
-0.0067649777
-0.006967405
-0.0037481633
0.015697883
-0.017996408
0.030533819
0.008051368
0.011401207
0.0014945312
0.012126027
-0.022959134
-0.006337269
-0.0013214888
-0.011035534
0.016076617
-0.036802523
4.8623533E-06
-0.027268868
0.013014093
0.03108233
0.0033155575
0.0051716818
0.022384502
-0.015253849
0.03238831
0.0091157425
-0.027451705
-0.014378843
-0.0013043478
0.0010415192
-0.027634542
-0.018218424
-0.015554225
-0.0077183433
-0.021548674
0.011779942
0.009226751
0.0007166567
0.009566305
-0.005099853
0.027007671
0.014613919
-0.017003862
0.0012512923
0.0012039505
-0.0024307556
-0.033354737
0.023951678
-0.012530881
0.017108342
0.0029531477
0.0030641563
0.011701583
0.027268868
0.0082733845
-0.018166186
0.011662404
-0.03518311
-0.002221799
-0.0017092016
0.026850954
0.009017793
-0.013281819
0.00594221
-0.01258312
-0.0038004026
-0.012426402
-0.009533656
-0.02318115
-0.0018251074
0.011845241
0.008541111
-0.008776187
0.02588453
0.009011264
-0.0042150514
-0.013556075
-0.014953474
0.011479567
0.023311747
-0.008469282
-0.008031779
0.0033988135
-0.00050769985
0.012126027
0.011381618
0.067754254
-6.0809707E-05
-0.012321924
0.00115416
-0.016376993
-0.017395657
-0.08285139
-0.030168144
0.0061707566
0.020752026
0.03251891
-0.001291288
-0.0061968765
0.022985252
-0.0039571202
0.04168689
0.004580726
-0.042731673
0.018440442
0.009226751
0.031265166
-0.016128857
-0.015501985
-0.00056891766
0.0027458235
0.032780103
-0.00032057735
-0.009749142
0.0043880935
-0.021013223
-0.0069869943
-0.03630625
-0.021914348
0.021457255
0.0006480927
0.004185667
0.0020422267
-0.011420798
-0.003774283
-0.013973989
0.0006076889
-0.011375088
-0.0125374105
0.005827937
-0.002389944
-0.031421885
-0.0039081457
-0.018610219
0.0046394947
-0.024761386
-0.013621374
-0.015737062
-0.01785275
0.012635359
0.014953474
-0.009220221
-0.008234206
-0.00019671327
-0.025531914
0.011081243
0.019720301
0.0029139684
0.012752897
0.029906947
-0.018296784
0.02320727
0.0043260595
0.032074876
-0.019602764
0.01782663
0.030168144
0.013595254
-0.0031882243
-0.008436632
0.008854547
-0.021940468
-0.011120422
-0.0041203676
-0.025649453
0.028496489
-0.02246286
-0.015005713
-0.0051520923
-0.007098003
0.024330413
-0.0049464004
-0.010402133
-0.00023140338
0.0026380802
0.010278065
0.011655874
0.011949719
-0.030246504
0.015005713
0.017056102
-0.011459976
0.018283723
0.02047777
0.02051695
-0.014391903
-0.030194264
0.013438537
-0.0052892203
-0.005158622
0.015671764
0.022162486
-0.028705446
-0.027530063
-0.07851553
0.03776895
0.013451597
0.0007264515
0.012047668
0.0045154267
0.0040583336
-0.04701529
-0.017748272
0.057672087
0.00858682
0.02516624
0.0018267399
-0.016651249
-0.02711215
-0.012341513
0.04322795
0.008025249
0.005230451
-0.00798607
-0.0038689666
0.0067127384
0.02713827
0.005827937
-0.011956249
0.016938563
-0.006079338
0.007228601
-0.02447407
-0.030690536
0.031317405
-0.027216628
-0.0264461
0.04829515
-0.0065952004
-0.039231647
0.015541165
-0.0051390324
0.025975948
-0.011081243
0.00024262664
-0.015266909
-0.0050508785
-0.011388148
0.0152016105
0.012498231
-0.022071067
0.023755781
0.028757686
0.011799532
-0.016677368
-0.006356859
-0.0003167002
-0.010493551
0.0033988135
-0.016964683
0.010565381
0.0135168955
0.016716547
0.005018229
0.012184796
0.026589759
0.009507536
-0.009709964
0.020203514
0.024709146
-0.00994504
-0.0010129509
-0.011414267
-0.012021548
-0.018910594
0.008998204
-0.0029857974
0.013830331
0.007803232
-0.011342439
0.02376884
0.025414376
-0.034817435
0.014626979
-0.0024405506
-0.03372041
-0.01783969
0.021574793
0.023899438
0.012765957
-0.0016202318
-0.005292485
0.007881591
0.018936714
0.022880774
-0.016860206
0.016442291
-0.0009305109
0.016768787
0.0042836154
0.0039277356
0.0068629263
0.012903085
0.03897045
-0.016938563
0.00012682292
-0.018335963
-0.00022568971
-0.012987974
0.0010341731
-0.033354737
-0.033459213
-0.004224846
-0.008554171
0.004430538
0.02383414
-0.031865917
0.016468411
0.012021548
0.021065462
-0.026615879
-0.009605485
-0.034530118
-0.012602709
0.011590575
0.016337814
-0.002874789
-0.008626
0.0005379006
0.00929858
0.026093485
-0.045892145
0.02058225
-0.0005578984
0.022397561
-0.002383414
0.0047276486
-0.019968439
-0.011316319
0.014992653
-0.010245415
0.026929313
-0.004717854
0.06143331
0.030220384
-0.014692278
0.026015127
-0.021927409
0.0060075093
-0.018623278
0.025388256
-0.042261522
-0.026850954
-0.003155575
-0.0021336454
-0.001785928
-0.025793111
-0.017108342
-0.014156826
0.003083746
-0.010833106
-0.005478587
-0.009638134
0.018022528
-0.002290363
0.02636774
0.017043043
0.009409588
-0.0119236
0.02122218
0.0013998476
-0.008769657
-0.014626979
-0.007424498
0.016350873
-0.034634598
-0.017487075
0.028261412
-0.011048593
-0.0051325024
-0.008893725
0.018140066
-0.0041954615
0.0018773467
0.020164335
-0.012883496
0.0011149807
0.026197964
0.0008456222
-0.02180987
0.010741687
-0.0073004295
