0.008293434
-0.0046525714
0.009794887
0.0046493495
-0.032735545
0.013751506
-0.021278104
-0.023868594
-0.03023527
-0.022695785
0.04183448
0.004098387
-0.0016053627
-0.0053743
0.008686518
-0.012320938
0.035648234
-0.016303333
-0.0045816875
0.015323844
-0.003937287
0.010516616
0.008267658
-0.0059413724
-0.017076613
0.012482038
0.020878576
-0.014589227
0.019048478
-0.006311903
0.0059317066
0.0048297816
-0.019795982
-0.010542392
-0.011921409
-0.013442194
0.00040415992
-0.008196774
0.03307063
-0.0016222782
0.0059768143
0.016419325
0.0027532012
-0.009730447
0.0012316104
0.019138694
0.013712842
-0.01962844
-0.019512447
0.023327297
0.030518807
-0.009221371
0.0038599588
-0.010497284
-0.021252329
-0.014589227
-0.013480858
-0.009434023
-0.010703492
-0.024783643
-0.018507183
-0.012913786
-0.0027789772
0.018172093
-0.004494693
-0.007984122
-0.023237081
-0.002856305
-0.018868046
0.01340353
0.029951734
0.04389656
0.0051938677
-0.025763132
0.00025010793
-0.01800455
-0.0029900183
0.009653119
0.00057512743
-0.011115909
0.022889106
-0.004178937
-0.026343092
0.019164471
0.01806899
0.029178454
-0.0029867962
0.0052937497
-0.020182623
-0.0062474627
-0.0012275829
0.03562246
0.008525418
0.015182075
-0.03191071
0.009086046
-0.0024422777
0.017218381
0.010903256
-0.030467255
-0.003866403
-0.019705767
-0.00072011753
-0.010226635
0.0015280347
-0.010001096
-0.0058286022
0.003740745
0.006344123
-0.0034668746
-0.023971697
-0.009040939
0.0054580723
-0.019344902
0.00022956767
-0.036550395
0.006824201
-0.025208946
-0.006543887
-0.029023798
0.0057029445
0.011450997
0.00088685617
-0.018893823
0.007913238
-0.027580341
-0.013313314
0.0018027104
-0.006682433
-0.0146665545
0.032271575
0.021278104
-0.0028788592
0.004166049
-0.013931938
0.02227048
-0.029874407
0.00050263235
-0.023249969
-0.010477952
0.017269934
0.012333825
-0.017849894
-0.027348356
-0.010129975
0.006791981
-0.009008719
0.020479048
0.009118266
-0.010368404
0.006479447
-0.015259404
0.0016408047
0.006505223
0.0062152427
0.00783591
-0.006292571
0.028327845
-0.0012235554
-0.00503599
0.014795435
-0.010194415
0.015916692
-0.020556375
-0.014692331
0.03366348
0.015530052
-0.010516616
-0.0058737104
-0.025672914
0.00065608026
0.026304428
-0.029693974
0.024332562
-0.0058414903
0.009279367
0.0021345767
-0.0011953629
-0.034591418
-0.009511351
-0.027090596
0.002468054
0.04144784
0.030931223
-0.034565642
0.014872763
0.02920423
-0.013248874
-0.0085447505
0.00819033
0.022618458
0.0050263237
-0.00796479
-0.024049027
-0.623161
0.010181528
0.012572253
0.0071979533
0.019615551
0.028095862
0.02984863
-0.024397003
-0.011747421
0.023688162
-0.0014909817
-0.008641411
0.0010511783
-0.008132334
0.0073461654
-0.02233492
-0.0008320821
0.0017431033
0.007185065
0.002772533
0.008731627
0.016457988
0.021587417
-0.006953081
-0.006798425
0.018558733
0.0010495672
-0.033586152
0.0062796827
-0.018661838
-0.028843366
0.018816493
0.012520702
0.006875753
0.047324773
0.017218381
-0.024564546
-0.0062152427
0.011869857
0.04054568
0.0198862
0.0019702546
-0.01567182
-0.0038535148
-0.00838365
0.016290445
0.008937835
5.9607046E-05
0.015504275
-0.0025469929
-0.0046042413
-0.005538622
-0.013139326
-0.0018381524
0.0061669126
0.012449818
0.02453877
-0.0071786214
-0.0014096261
0.003985617
-0.0057609403
0.011760308
0.004030725
-0.014640779
-0.003924399
0.016071348
-0.008789622
-0.012533589
0.03678238
-0.023933034
-0.017927222
0.051268503
-0.021329656
-0.0033959905
0.018378302
-0.011979405
0.021535864
0.0030931223
-0.021587417
0.027374132
-0.0064665587
-0.011032136
-0.001295245
-0.005561176
0.025376491
-0.031111656
-0.03464297
-0.0014764826
0.011747421
0.018378302
0.020891463
0.02162608
-0.010387735
0.0094469115
-0.0015497832
0.023945922
-0.043432593
0.009337363
0.011734533
-0.0670692
-0.0045977975
-0.00036106564
0.0022811778
-0.007790802
0.04013326
0.002611433
0.006907973
-0.0029368552
0.05794449
-0.035338923
-0.014988755
-0.0011679758
-0.014924315
0.0021152445
-0.0014386241
-0.022695785
-0.006740429
-0.016367773
0.011206124
0.0144990105
0.037014365
-0.005296972
0.013880386
-0.01657398
-0.0070819613
0.030389927
0.002598545
-0.023069538
-0.005796382
0.0010785653
-0.0058994866
0.013313314
0.025750244
-0.004510803
-0.0021007457
-0.0044528074
0.028585605
-0.00558373
0.00040214616
-0.013906162
-0.013545298
0.009079603
-0.0010745378
-0.015749147
-0.013738618
-0.02907535
-0.029281558
-0.0031269533
-0.020118183
0.01013642
-0.014112371
0.005580508
-0.009550015
0.0016851072
-0.005039212
-0.0058253803
0.00831921
-0.015169187
-0.028198965
-0.019087141
0.024783643
-0.009118266
-0.021677632
-0.022438025
0.0366535
-0.010735712
0.009646676
-0.006176579
-0.019151581
-0.017862782
0.0011043414
0.0035023165
0.0062861266
0.0050134356
-0.0118247485
-0.011940741
-0.014756771
-0.012063177
-0.0074557136
-0.006798425
0.022901993
-0.018932486
-0.008654298
0.029230006
0.012746242
-0.006669545
0.018752053
0.010896812
-0.013687066
0.0019332014
0.023095313
0.016780188
-0.010761488
0.0038180728
0.0056417263
0.018687613
-0.0031833383
-0.009092491
-0.0018252644
0.006695321
0.020801248
0.013480858
0.02189673
-1.6626036E-05
0.01000754
-0.027477236
0.018159205
0.0008344986
0.024461443
-0.0061798007
0.04072611
0.0020459716
-0.016548205
0.0057061664
0.021548752
0.038767133
-0.0013194099
0.012366045
0.011934297
0.009028051
-0.00034656664
-0.033818137
0.035905994
0.016006907
-0.0036827486
-3.697751E-05
0.015014531
0.023327297
0.0010495672
-0.016909068
-0.02265712
-0.020105295
0.008396538
0.013919051
0.011566988
0.016135788
0.0111867925
-0.017218381
0.021110559
-0.0077392496
0.002857916
0.003798741
0.03696281
0.010013984
0.027219476
-0.008699407
0.010774376
0.039488863
-0.023817042
0.015259404
-0.023971697
0.020440383
-0.01110302
-0.006682433
0.019138694
-0.034024347
0.0070819613
-0.003856737
-0.019976415
0.018880934
-0.0002746757
0.0154011715
-0.01864895
0.014975867
0.018352525
0.009363139
-0.02007952
-0.013712842
-0.0118247485
0.014821211
-0.0010697048
-0.015646044
0.0030915113
0.0071786214
-0.0054580723
-0.0037665209
0.0062184646
-0.00013985504
0.0019267574
0.02616266
-0.007133513
-0.015323844
-0.007004633
0.030596135
-0.015349619
-0.02486097
0.013235986
-0.009382471
-0.025608474
0.019009814
-0.0158007
0.010407068
-0.0214972
-0.028018532
-0.0007998621
0.011064356
0.036885485
-0.012778462
-0.019216022
0.0138288345
-0.003840627
0.020350168
0.0018043213
-0.016006907
0.045675106
-0.004037169
0.0024326118
-0.01962844
0.008435203
-0.0020765807
0.017076613
-0.011682981
-0.012913786
0.026046667
-0.012494925
-0.005545066
-0.022257593
-0.008995831
0.019576887
-0.0076554776
-0.01292023
-0.016857516
-0.0018268754
-0.0086800745
0.0657804
-0.010407068
0.0034056564
0.02907535
-0.019087141
0.005267974
0.0042852634
-0.06500712
-0.0076554776
0.013648402
-0.0025244388
-0.0015666987
0.0105874995
0.0031591733
0.031498294
-0.004021059
-0.00048692513
-0.012971782
0.025569811
0.021845177
-0.042504657
-0.0059381505
0.00819033
0.03956619
0.0010825928
-0.02907535
0.021909617
-0.004133829
0.017269934
-0.035210043
0.00080590334
0.017128164
0.020620815
0.006888641
0.008783178
0.015491388
0.00060815294
0.005596618
0.020118183
0.008564082
0.0075845937
0.0012372489
-0.0060605863
0.00064238673
0.0262271
-0.018984038
0.013119994
0.0047363434
0.017450364
-0.00500377
0.009930211
-0.0076748095
-0.033173736
-0.020285727
-0.0019895865
-0.017166829
-0.012101841
-0.016148675
0.002743535
-0.008924947
-0.038328942
-0.046783473
0.034410987
-0.009627343
-0.0046267956
-0.013184434
-0.023121089
0.0029996843
-0.022322033
0.006357011
0.018236533
-0.010445732
-0.022051385
-0.013931938
0.016883293
-0.02791543
0.018146317
-0.004330371
0.008873395
0.005815714
0.021484312
-0.015555828
-0.0072817253
-0.0024326118
-0.00748149
-0.0019219244
0.030570358
-0.0118247485
0.015839364
0.012005181
0.006521333
0.0012372489
0.011547657
0.007958346
-0.002672651
-0.011612097
0.024358338
-0.016689973
0.007745694
-0.020311503
0.02291488
0.009350251
0.0011639483
0.0134937465
0.010123531
0.009169819
0.0129266735
0.006907973
-0.011302784
0.007861686
0.004091943
-0.034230553
0.015465612
-0.0026549299
-0.022489578
0.013036222
0.014589227
-0.008776735
0.017179716
-0.01023308
0.0028305291
-0.018043213
0.031111656
-0.0037214127
-0.0037504109
0.021651857
-0.0019267574
-0.018159205
0.009633787
-0.012733353
0.017192604
0.012095397
-0.0048652235
-0.0017237713
-0.022283368
-0.013455082
0.027013268
0.0069917454
0.008196774
0.009053826
-0.021471424
-0.012037401
0.0009311587
0.0016335553
-0.030286822
-0.019306239
-0.030286822
-0.0030512363
-0.038432043
0.0011196459
-0.0077199177
-0.010129975
-0.03451409
0.0046171295
-0.026729733
-0.0122564975
-0.0028546941
-0.021677632
0.038560923
-0.010838816
0.039024893
-0.007069073
0.013906162
0.01567182
0.015903804
0.009305143
-0.015981132
-0.0111867925
-0.021394096
0.014589227
0.00012565809
0.026858613
-0.016032685
0.019679992
0.018597398
0.013390642
-0.025608474
-0.010954808
-0.036498845
-0.006953081
-0.007842354
-0.009930211
0.008055006
0.018030325
-0.03544203
-0.033843912
0.029616646
0.003998505
-0.007088405
-0.00051189563
0.0045977975
-0.029487766
0.015426948
-0.0058350465
-0.017205494
-0.021458536
-0.017733902
-0.02201272
-0.015207851
0.01657398
0.023198416
0.014808323
0.017914334
0.009318031
-0.0104199555
0.03309641
-0.022644233
-0.004823338
-0.00048249486
-0.019177359
-0.020414608
-0.010954808
-0.0075201537
-0.034720298
0.024203682
0.004024281
0.012649582
0.029513542
-0.031884935
-0.019744432
0.013815946
-0.0070304093
0.025299164
-0.00046799585
0.020994568
0.013790171
-0.038586702
-0.026703956
-0.054026537
0.0014184866
0.0048491135
0.00545485
0.018726278
-0.0016351662
0.0052937497
0.017991662
0.0046525714
-0.046010196
-0.011148129
0.045958642
0.044901825
0.002766089
-0.0018317084
-0.004475361
-0.010961252
0.01845563
0.013480858
-0.016329108
0.010484396
-0.021265216
-0.011380113
0.031369414
0.018236533
-0.003740745
0.023108201
-0.04518536
-0.0070819613
-0.023456177
-0.02183229
-0.011057912
-0.023159754
0.047582533
-0.0009521017
-0.0074621574
-0.010065535
0.0047750077
-0.015439835
0.011412333
-0.013139326
0.011895633
-0.024487218
0.009440467
0.0057061664
0.017978773
0.009053826
0.0033992126
-0.0072946134
-0.008396538
0.0016174453
-0.002791865
0.015220739
0.0106197195
-0.016457988
-0.011766753
-0.0013250485
-0.013919051
-0.0057544964
-0.0068306453
0.02492541
-0.03588022
-0.021162111
-0.0008530251
0.005055322
0.017708125
-0.007004633
0.008995831
-0.0081774425
-0.0059123742
-0.03005484
-0.0068628653
0.009994651
0.008325654
-0.017037949
-0.013351978
0.008080782
0.0002925981
0.036601946
-0.0024422777
-0.00065849675
-0.0033444385
-0.022708673
0.00020922878
-0.013139326
-0.0072237295
0.017901445
-0.0035603126
-0.001424125
0.0033154404
-0.016741525
0.011412333
0.023533506
0.0017108832
0.009569347
-0.0035699788
-0.0018913154
0.037452556
0.00032542224
-0.019486671
-0.03268399
-0.024835195
0.019022701
0.0050585438
-0.025105843
-0.013087774
4.266636E-05
-0.005570842
-0.0088476185
0.016045572
-0.030982776
-0.0016166397
-0.0006878975
0.044824496
0.015903804
0.0073203896
0.0011784474
-0.0023891148
0.013687066
-0.005119762
-0.010303964
-0.010871036
-0.019486671
0.042401552
0.00010063723
-0.018017437
-0.0011583099
-0.00084738666
-0.0074750455
-0.009833551
-0.0020443606
0.0102524115
0.013190878
0.01884227
0.011985849
0.04008171
-0.014602115
0.014563451
-0.012250053
0.003950175
0.012179169
-0.02019551
-0.0015570327
-0.012494925
-0.02175496
0.016586868
0.0074492698
-0.008009898
-0.008841175
0.047453653
-0.010632608
-0.017411701
-0.0048748897
0.011740977
-0.013390642
0.030286822
0.031756055
-0.0063666767
0.0128944535
0.011592764
0.005480626
-0.012939562
0.0031640064
-0.0030335153
-0.0037697428
0.029668199
0.021187888
-0.031781834
-0.00032058923
0.005651392
0.022554018
0.008525418
-0.0218194
0.0022650678
0.025492484
-0.027399909
-0.019203134
-0.011122352
-0.026136884
-0.0072559495
0.017385924
-0.0012581919
0.022412248
-0.01103858
0.02202561
-0.016238892
-0.0057867165
-0.0036569727
-0.03588022
-0.027709221
0.027219476
-0.0009045772
-0.016715748
-0.0020572485
-0.010980585
-0.016393548
0.0039888388
-0.011418777
0.0046622376
-0.006753317
-0.014486123
0.006241019
-0.0049425517
-0.018094765
0.0013194099
-0.0012863844
-0.0023021207
0.023262857
0.21693099
-0.0012404709
-0.017514804
0.015375395
-0.040004384
-0.0044689174
0.022115825
0.022347808
-0.0322458
-0.008583414
-0.02162608
-0.002841806
-0.011173904
0.004903888
0.016470876
-0.015658932
-0.022064272
-0.030956998
-0.0004317483
0.030029062
0.021290991
-0.0020701366
0.0014064041
0.012714022
0.022966433
0.008757402
-0.00561595
0.042272672
0.019576887
0.019048478
0.0014329855
0.009247147
0.014911427
0.022193152
-0.01443457
0.005831824
0.0049425517
0.020878576
0.024577435
0.04085499
0.02104612
-0.016780188
0.022347808
-0.020749696
-0.019383566
0.041396286
0.009040939
0.009305143
-0.009369583
-0.009388915
-0.027348356
-0.00518098
0.011180349
0.027606117
0.011895633
-0.031524073
0.00498766
-0.0077714697
-0.015078971
-0.0029046352
-0.0034668746
0.025428044
-0.015774924
0.011161016
0.0038277388
0.030853895
-0.028121637
0.031395193
0.024358338
-0.004117719
-0.009253591
-0.007810134
-0.021793624
-0.014344355
-0.017837005
-0.02486097
0.027992757
0.0061346926
5.4824384E-05
0.023017986
-0.018661838
0.0029384661
0.0016375827
-0.02992596
0.026136884
-0.0158007
0.034565642
0.013854611
-0.02227048
0.010149308
0.016664196
0.0018703724
-0.014615003
-0.0010624552
0.0036505288
-0.026317315
0.03268399
0.04028792
0.02291488
-0.010323295
-0.023159754
0.024384115
0.013764394
-0.005548288
-0.02667818
-0.011515437
0.03258089
0.030029062
-0.00037314816
-0.028276293
-0.012172725
-0.019563999
0.012739797
-0.014460347
0.013674178
0.035648234
-0.016148675
-0.0015787812
-0.0081774425
-0.023275746
-0.015968245
-0.0017882113
0.012533589
-0.01100636
-0.005074654
-0.048716675
-0.02997751
0.027374132
-0.030441478
0.007120625
0.02220604
-0.018275198
-0.010400624
-0.0024213349
0.0022360696
0.0218194
0.016909068
-0.02001508
0.016406436
-0.0072688377
0.026085332
-0.0105874995
0.002534105
0.009034495
-0.005023102
-0.024203682
-0.013906162
-0.015246515
-0.0060638087
-0.03618953
-0.005635282
-0.007120625
-0.017463254
-0.0017431033
0.026987493
-0.018764943
-0.019228911
-0.025183171
-0.00085221964
0.0059349285
-0.0035538687
-0.004021059
0.0049296636
-0.054284297
-0.0076876977
0.00279992
-0.16104856
0.029436214
0.005483848
0.00040697918
0.018661838
0.005361412
0.012063177
-0.009839996
-0.027348356
0.021136336
0.011399444
-7.521362E-05
-0.03528737
-0.017424589
0.007069073
-0.019808872
-0.016522428
0.029307334
-0.013558187
-0.0002813211
0.017192604
-0.02176785
-0.02189673
0.008518974
-0.0015755591
-0.0016593313
-0.0057029445
0.03036415
-0.005467738
-0.005548288
-0.012668913
0.00511654
0.007629702
0.0060219225
0.004030725
-0.032400455
0.0020250285
0.033122186
-0.021136336
0.027296804
0.016367773
0.00822255
-0.03193649
-0.0070110774
-0.03709169
0.003934065
-0.017721014
-0.00278381
-0.009891547
-0.0023907258
0.005403298
-0.03348305
0.006324791
0.019667102
-0.00022030441
-0.003917955
-0.0010326518
-0.023610834
0.0087122945
0.020105295
-0.0061346926
-0.013893275
0.0055901743
0.016277555
-0.0073590535
-0.0057190545
-0.010013984
0.00501988
-0.03626686
-0.0014184866
0.009350251
-0.025917787
0.020156847
-0.0046429057
0.0021587417
0.027167924
-0.036627725
0.007984122
-0.0011220623
0.0034733186
-0.030673463
0.06603816
-0.015336731
-0.020105295
0.023185529
0.0092149265
-0.01333909
0.02395881
-0.0047460096
-0.002685539
0.007758582
-0.030441478
-0.031627174
0.012804237
0.018494293
0.015130524
-0.019499559
-0.0016448322
-0.027992757
-0.02635598
0.011934297
0.0006866893
-0.021548752
0.02817319
0.008042118
-0.017952997
-0.0029094683
0.04474717
0.02130388
-0.0049973256
-0.024693426
-0.024899635
0.019087141
0.014383019
-0.0063666767
0.006682433
0.017656574
-0.025324939
0.0097497795
0.008937835
0.06330591
-0.0205306
0.00516487
0.01586514
-0.013931938
-0.013558187
-0.06557419
-0.017076613
0.014408795
0.036163755
0.012514258
8.1859E-05
-0.0130942175
0.027709221
0.005780272
0.03523582
0.0037922969
-0.027554564
-0.0032703325
-0.0020411385
0.04902599
-0.006376343
-0.024628986
-0.0024165018
0.027657669
0.03606065
-0.027296804
0.0079776775
-0.008009898
-0.033173736
-0.021716297
-0.028327845
-0.022734448
0.021097671
0.014099482
-0.003895401
0.016586868
-0.016934846
-0.013506634
-0.014022155
0.017347261
-0.021020344
-0.016934846
-0.0059735924
0.006688877
-0.03773609
0.0017592133
-0.011592764
0.006637325
-0.045623556
0.00033971987
-0.0047073457
-0.022695785
0.0005493514
0.027374132
-0.02680706
0.009601567
-0.016200228
-0.030441478
0.00551929
0.025453819
0.0068306453
0.00783591
0.020092407
-0.042324223
0.015774924
0.002717759
0.020118183
-0.03510694
0.0055354
0.011096576
0.024783643
0.006701765
-0.002537327
-0.0015691152
-0.025260499
-0.027631892
-0.011051469
-0.026136884
0.019216022
-0.015813587
-0.0010769543
-0.03327684
-0.01605846
0.03515849
-0.019873312
-0.016135788
0.00044866384
-0.010639052
0.003895401
0.037194796
0.026201323
-0.013004002
-0.0086800745
0.008976499
-0.021729184
0.029230006
0.0008022786
0.02706482
-0.011927853
-0.026214212
0.020479048
0.0051616477
-0.018880934
0.010471508
0.019563999
-0.025814684
-0.04260776
-0.08150377
0.016986396
0.0072946134
0.008808955
-0.018094765
0.0065309987
0.009163375
-0.025531147
-0.00252605
0.04072611
-0.023043761
0.01016864
0.02196117
0.0074943774
-0.019332014
-0.008422314
0.01103858
0.007745694
-0.0031913933
0.005715832
0.0046042413
0.023043761
-0.001343575
0.0007656283
-0.024332562
-0.010600388
0.006824201
0.004117719
0.0033444385
-0.017115276
0.017244156
0.0029884072
-0.0035474247
0.02183229
-0.01308133
-0.010922588
0.008216106
0.017231269
0.020620815
0.03340572
-0.019654214
-0.012340269
-0.0035828666
-0.0019766984
0.0051938677
0.0069144173
-0.010181528
0.027528789
0.027296804
-0.013351978
-0.0010954809
0.0061314707
0.007958346
0.008228994
0.014950091
-0.0075008217
0.026188435
0.01858451
0.010858148
0.0013363255
0.04067456
0.03631841
0.018687613
-0.019744432
0.020002192
-0.02025995
-0.0025550479
-0.00802923
0.009666007
-0.0031849493
0.010162195
-0.00086591317
-0.026910163
0.033302616
-0.003995283
0.024744978
0.03268399
4.2112577E-05
-0.001474066
0.019679992
0.008583414
-0.002645264
-0.0057190545
0.0049264417
0.016213115
0.010999916
-0.016393548
0.0009086047
0.0031946155
0.011579877
0.015452724
0.0072237295
0.0013588795
-0.013906162
0.029771302
-0.0036440848
0.012082509
-0.017888557
0.0033927686
0.029152678
-0.00270326
-0.009118266
-0.013893275
-0.017733902
-0.01826231
0.0009311587
-0.006624437
-0.05199023
-0.018442743
-0.008486754
0.008228994
0.031137431
-0.027039044
0.008338543
-0.0029561871
0.014692331
-0.029771302
-0.009002275
-0.035957545
0.010697048
0.018146317
0.032606665
-0.011180349
-0.01353241
0.001333909
-0.002642042
0.024074802
-0.030725015
-0.009195595
-0.013893275
-0.0127591295
0.0060831406
-0.0051423158
-0.0021039676
-0.015633157
0.0010624552
0.013235986
0.043432593
-0.0052099777
0.076451674
0.028508278
-0.01430569
0.03036415
0.0073719416
-0.00035925326
-0.015143411
-0.0012324159
-0.010465064
-0.030956998
-0.012076065
-0.0041370513
-0.0005010214
-0.030776568
-0.03593177
-0.017141053
0.009086046
-0.009324475
-0.0058672666
0.018017437
0.019061366
0.002645264
0.025376491
0.017501917
-0.0022360696
-0.0044399193
0.039720844
-0.0037375228
0.00042691533
-0.020298615
-0.013790171
-0.0058447123
-0.062326416
-0.02408769
0.024422778
-0.012101841
-0.0001370358
-0.018790718
0.019061366
-0.012881566
-0.008557638
0.028147412
-0.01794011
-0.025995115
0.025221834
-0.020440383
-0.006811313
-0.012552922
0.0005243809
